1.0 0.0 0.0 0.0 0.0 1.0 0.0 0.0 0.0 0.0 1.0 0.0
0.9999994728127832 -0.0008458787023754103 0.0005821197266430266 0.0002674419705955476 0.0008469479516849135 0.9999979503188108 -0.0018390316320906486 0.025535831568902143 -0.0005805629357925911 0.0018395236876867956 0.9999981395479093 -0.999673871710608
0.999998564518156 0.0010985249934413667 0.0012900404901279212 0.003122711773251263 -0.0010961657129020476 0.9999977281828178 -0.0018281274389366634 0.04003257108635605 -0.0012920458030746386 0.0018267107165393824 0.9999974968696675 -2.002019366539865
0.9999947300390166 0.0028312285964522677 0.001588722388873143 0.008073493374234297 -0.0028299317767645727 0.9999956612363372 -0.0008179209250790635 0.05424474565533985 -0.001591031216894871 0.0008134206386950131 0.9999984034819913 -3.0006651960631427
0.9999935366826731 0.0031541522011201677 0.001725664153776258 0.012223876824999666 -0.0031522868020261103 0.9999944454860802 -0.0010826287012915621 0.077077417102778 -0.0017290693442518518 0.0010771819155820685 0.9999979249970089 -4.010207528181467
0.9999907909104059 0.003713236774492233 0.002151735819646043 0.009310397768359293 -0.0037091526762132424 0.9999913180681573 -0.0018989404240131423 0.09505422222595399 -0.0021587683538373103 0.001890941819826721 0.9999958820206354 -5.0166567380206635
0.9999845594131476 0.0051224885464641245 0.0021543087951029836 0.018253341727257805 -0.0051159849182193925 0.9999823721632698 -0.0030136458047348 0.1173905913829639 -0.002169708185417091 0.0030025778609701036 0.9999931384227488 -6.0270890848358
0.9999834798485637 0.005002376566284795 0.002831299815662911 0.014623254309498776 -0.004991996558064306 0.9999808367552236 -0.0036614331465814587 0.14023030271187795 -0.0028495614261430146 0.0036472388202167445 0.9999892887669682 -7.032488314148763
0.9999854292040767 0.004250275810485342 0.0033281428865436853 0.02405748309791921 -0.0042439732088475485 0.9999891921224949 -0.001898507203680467 0.14737274025442795 -0.0033361760956269093 0.00188435499167369 0.9999926595407209 -8.044099307250754
0.9999913008475801 0.0015583373939961039 0.0038690843530253343 0.024798278423667053 -0.0015599462491158187 0.9999986980644651 0.0004128402533030343 0.13876864452832544 -0.0038684359713224577 -0.00041887222556676756 0.9999924298459436 -9.05699323760082
0.9999923775120384 -0.0015344204952989938 0.003590330286262191 0.05743822573922474 0.0015293831923245797 0.9999978429946154 0.0014053445014300188 0.1427842428413616 -0.0035924789313063806 -0.0013998427984137723 0.999992567240011 -10.084754626403113
0.9999851860303222 -0.003928189981889811 0.003767896411557665 0.06957054665649406 0.003922076012779571 0.9999909823415476 0.001628666735889738 0.15297081224437262 -0.0037742601463104934 -0.0016138646327357054 0.9999915751651587 -11.09964634880621
0.9999809619385406 -0.0047923386263284025 0.003887061996116563 0.08791657674558145 0.004788581665667488 0.9999880591042162 0.0009752613054968127 0.16966205749662236 -0.003891689363539447 -0.0009566292246042683 0.99999196977497 -12.138697361962503
0.999993101650975 -0.00209414520424041 0.003067768949288922 0.13527307086388762 0.0020987442495378973 0.9999966775776282 -0.0014966984599834683 0.20723081158075934 -0.0030646244529625444 0.001503126597676379 0.9999941743267275 -13.172149852062288
0.999995599687046 0.0015157081127834056 0.0025501442041651764 0.17419810021594642 -0.001508862358789863 0.9999952590747933 -0.002684243342060806 0.23524472892340073 -0.002554200643532486 0.002680383713950904 0.9999931457776191 -14.20960565999278
0.9999881703212629 0.0038610774265686715 0.0029582593934731733 0.17665162221036068 -0.0038606496796668873 0.9999925363704938 -0.00015029090984551607 0.20574368321382916 -0.0029588175989605004 0.00013886832877254537 0.9999956130473789 -15.199715969920012
0.9999821692177169 0.0054033758014571396 0.002542592491466033 0.23742736808933051 -0.005410119498067081 0.9999818461175366 0.0026529309037503918 0.15147173475350295 -0.0025282115508925332 -0.002666639329130749 0.9999932485677302 -16.25277154360687
0.9999931918732847 0.0035265000993186316 0.0010862799497956906 0.3244486994400662 -0.003531431794411128 0.9999833126427377 0.004572026414845759 0.1272859315854533 -0.0010701385710479977 -0.004575831411462931 0.9999889582242059 -17.293641913475646
0.9999990554568546 0.0013569507397050882 -0.00021856369473599257 0.38933204340354893 -0.0013564143034517312 0.9999961127748 0.0024360984230616745 0.1748044315388365 0.0002218685106868223 -0.0024357996591398553 0.9999970088227187 -18.309480562416386
0.9999994054101234 0.0005107200938353509 -0.000963506297455522 0.45872436216661944 -0.0005116505228047059 0.9999994028468182 -0.0009656706216569188 0.2589442806058357 0.000963012534704149 0.000966163025979777 0.9999990695674997 -19.39138138349023
0.9999903682908851 0.0031070320608617805 -0.00309994794035769 0.5921218544414215 -0.003116479033443666 0.9999905007166515 -0.0030472996069752932 0.3185771321065596 0.003090450435495921 0.003056931179032779 0.9999905520993048 -20.427281222419218
0.9999616734932791 0.0087276378792816 -0.0006927348474092898 0.47804199130060854 -0.008728501961780858 0.9999611192561256 -0.001254284473225753 0.27195072659273906 0.0006817609726831998 0.0012602829383580633 0.9999989734439187 -21.364620047898566
0.9999375900671301 0.011137744820272723 -0.000875563280707757 0.5037727108532154 -0.011137832905041424 0.9999379678270496 -9.579190858869898e-05 0.2772589882797553 0.0008744420617811918 0.00010553780774042246 0.9999996121063506 -22.379662816284142
0.9999266033548828 0.01203500999504366 -0.001395147872471999 0.531701254301515 -0.012030538991664256 0.9999226057453711 0.0031699607185653954 0.1911241657676368 0.0014331904049741224 -0.0031529436732045967 0.999994002437743 -23.361529279075587
0.9999566733393017 0.009189293130641586 -0.0014860470908456107 0.5442081835108911 -0.009185413232354698 0.9999544409340347 0.002596967472458792 0.2460951331266193 0.0015098436832833254 -0.002583204997918119 0.9999955237019768 -24.338059204085926
0.9999614445692014 0.00867328304086725 -0.0013724198953115761 0.5332299248727026 -0.00866685421863119 0.9999517561080409 0.004622888101413654 0.2158127936351786 0.001412449301404204 -0.004610815300811966 0.9999883726170183 -25.369036268002528
0.9999642335154247 0.008231297216711777 -0.0019435627180845257 0.5819450353747436 -0.008221910409214361 0.9999547305088078 0.004789271581398422 0.19926961622964007 0.0019828966518272485 -0.004773120487447487 0.9999866426316306 -26.37399798962062
0.9999691611594118 0.007823690945129289 -0.0006830740351666103 0.5293697697155906 -0.00782144513651039 0.9999641928543546 0.0032307901689457544 0.2708591824040705 0.0007083262800255179 -0.0032253479090325345 0.9999945476875095 -27.374567173901923
0.9999695396287546 0.007800742262600784 -0.00026121793419108034 0.5454053122168402 -0.00780013999987759 0.9999670868361479 0.0022322769564299904 0.2878929659988019 0.0002786227538782409 -0.0022301714239880087 0.9999974743492008 -28.38247685332586
0.9999859279682712 0.005297448619099576 0.00028443551693328647 0.5302072730803216 -0.005297997963657395 0.9999840316431392 0.0019666408696277136 0.3064567428476817 -0.0002740127960063465 -0.001968120133784505 0.9999980257081144 -29.391587186460104
0.9999960737215372 0.002776302224769948 0.0003803780575311526 0.5316320429719631 -0.0027772167865747904 0.9999932024782813 0.002425296714124684 0.31308864539726994 -0.0003736421152398808 -0.0024263435840610518 0.9999969866196506 -30.3837485304437
0.9999998732290369 0.0004545059120017214 0.0002167170644724492 0.5673398142165692 -0.0004550099575460829 0.9999971785934063 0.0023314740327872643 0.32720253253887993 -0.00021565678429389626 -0.0023315723456463627 0.9999972586275166 -31.38476672930483
0.9999986920956142 0.0003672446932027556 0.0015750994877548297 0.5093281487894921 -0.00037005321197038283 0.9999983417111781 0.0017831532503352202 0.3648051473117215 -0.001574442022216606 -0.0017837337887658775 0.9999971697090395 -32.41426317519668
0.9999953342893846 0.0014362853017383867 0.002696012610121056 0.4763053676284532 -0.0014409140643792248 0.9999974900058504 0.001715735602691541 0.38311828081426436 -0.0026935415573173583 -0.001719612320053399 0.9999948938706376 -33.41129789478239
0.9999912752991752 0.002786541229230922 0.0031119951007118228 0.500820871841331 -0.002795590243626155 0.9999918663085243 0.002907230982232951 0.33782503763808297 -0.0031038686697088883 -0.0029159054806541886 0.9999909317061375 -34.44044175014154
0.9999805961988377 0.0032294896530570944 0.005327065082932989 0.4100717238689263 -0.003242730944238464 0.9999916698358621 0.002478901955998209 0.3763654918321353 -0.005319015119388645 -0.002496128094663933 0.9999827385623687 -35.47921569195449
0.9999769310238694 0.003317433649465216 0.005927229881213213 0.41493467648185367 -0.003327181944472412 0.999993127378367 0.0016355599473723422 0.41331673854264084 -0.005921763283999765 -0.00165524318892051 0.9999810962661213 -36.47575000249124
0.9999622809769809 0.0035975166699422838 0.00790534611026716 0.3477308009300521 -0.0036137542916578904 0.9999913881618416 0.00204068176656915 0.4062761057602462 -0.0078979366440326 -0.002069172772479618 0.999966670004958 -37.5082808538982
0.9999518371162796 0.003151500295346434 0.00929470245171787 0.30997703581833175 -0.0031734916457214937 0.9999921979985485 0.002352210196012269 0.393156642795454 -0.009287216943308405 -0.002381593567366088 0.9999540367504538 -38.551072831861795
0.9999430155551823 0.003956211778714265 0.00991534319983195 0.32099837157812344 -0.0039697765751378405 0.9999912108304974 0.001348753387126222 0.4441718804782448 -0.009909920098163157 -0.0013880382263324323 0.9999499321633709 -39.56158919950685
0.9999247158701674 0.003168020801674885 0.01185437624529676 0.33010280478386517 -0.003407047331155673 0.999790194385947 0.020198000846463976 0.48863937752870507 -0.01178790144377556 -0.020236868678494946 0.9997257196479649 -40.576748963732754
0.9999040948978569 0.007827161846432696 0.011425259031073946 0.325738669625719 -0.00783526311111467 0.9999690830836369 0.0006644763729643523 0.48845062247543913 -0.011419704833181728 -0.0007539325569110842 0.9999345088190639 -41.60864627314468
0.999858749072627 0.011668530001572312 0.012096582596914025 0.34167827003159046 -0.011683759337619021 0.9999310355596945 0.0011890720152218663 0.46823762396533225 -0.012081873640381971 -0.0013302376175669936 0.9999261266699748 -42.65750207128153
0.9998408753137322 0.013693167198149435 0.011433338268127357 0.4366570491088911 -0.01370292226827662 0.9999058099736575 0.0007753078314940809 0.4950588645112539 -0.011421644941928018 -0.000931854606433681 0.9999343366810708 -43.70037820097909
0.9997227037520787 0.02021240407915751 0.012081983445378261 0.41286352017328404 -0.020224006507513236 0.9997951219239269 0.0008388908774480368 0.437941024683515 -0.012062552110461528 -0.001083004367978279 0.9999266582795567 -44.67608883722239
0.999616128630432 0.024613818396579674 0.012718306720933907 0.38147527979660145 -0.024612926342281953 0.9996970303407511 -0.00022668205230801423 0.47536864978307086 -0.012720032970749714 -8.643971096276176e-05 0.9999190933717584 -45.625918739312375
0.9994906788490191 0.02939388578368532 0.012425070320231784 0.43317398456760253 -0.029405313537643023 0.9995672978242163 0.0007380082300353214 0.4018433704269681 -0.012398001035648877 -0.0011029954353278131 0.9999225334851644 -46.626403526243756
0.9994409899220946 0.030522439617764425 0.013641420135877701 0.2867829641395853 -0.03052869660826663 0.9995338592914518 0.00025062589003639043 0.4733449531459171 -0.013627411601034674 -0.0006669405642721559 0.999906920089735 -47.46047544090822
0.9994345582024545 0.031157297444906806 0.012640675875677632 0.38724939361490146 -0.031159943238202245 0.9995144109939098 1.2364851348597826e-05 0.5001950404418822 -0.012634152447091523 -0.0004062406025234894 0.999920103388524 -48.42944551696416
0.9993650790313281 0.03329457318798336 0.012685038783439392 0.4289236860934502 -0.03330017450154907 0.9994453688044095 0.00023055061148040537 0.4681603978042707 -0.012670327181005352 -0.0006528182351102604 0.9999195150798279 -49.42288534116806
0.9994580022786597 0.030512860785196223 0.012355849135283727 0.4316606094702118 -0.030499512726832524 0.9995339781977487 -0.0012673403678872318 0.5729639817944984 -0.012388761220414164 0.00088980609434323 0.9999228604450136 -50.32767055423084
0.9994384165718337 0.031156452047290985 0.01233397649627837 0.47463738218783125 -0.031130058721231195 0.9995126354313196 -0.002326167911095202 0.6042505920431231 -0.012400440492119127 0.0019409041611497988 0.999921227880796 -51.32103021679217
0.9994998566632399 0.02949959188373184 0.01139344587278122 0.5575689713958445 -0.02946444148952963 0.9995605753727518 -0.003240809806739924 0.6578634760173709 -0.01148404187874713 0.0029034874180266703 0.9999298408103143 -52.247240489103135
0.9995437942527767 0.028206463814768993 0.010798091027076354 0.6537461293800838 -0.028176402015901835 0.9995986836198416 -0.0029261023423907294 0.6356653968511898 -0.010876292576111696 0.0026205160839019815 0.9999374176193493 -53.21973785519899
0.9995724456016153 0.02734532666810921 0.010351768130140188 0.7264501501674316 -0.02731899112369328 0.9996231821990562 -0.002677000974204939 0.6226496744788658 -0.010421070865767997 0.002393056549002077 0.9999428356473004 -54.17192923157811
0.9995466983286417 0.02867559571157361 0.00917104524564432 0.8787651228279113 -0.028642103884559948 0.9995826490350221 -0.003762663045479906 0.6800772780317607 -0.009275114305352258 0.0034982793933768775 0.9999508659408763 -55.122355930163195
0.9995208687793052 0.02965389684536114 0.008870133964471713 0.9286893203261456 -0.029622070313778733 0.9995543288329676 -0.0036981970744319947 0.6710047805367598 -0.008975846756075052 0.0034336734207651414 0.9999538209646739 -56.05244137917137
0.9993721881707195 0.034522595712594556 0.00796366097550406 1.0351192686106319 -0.0344947327043547 0.9993983595795913 -0.0036100256615415483 0.6663304273850899 -0.008083497171592267 0.0033330548880290906 0.9999617731786502 -56.957523042101116
0.9992335914510377 0.0383939486475873 0.007624593307655561 1.1205500957039352 -0.038371383725015376 0.9992587879164964 -0.0030841016004974626 0.6307112714915742 -0.007737352705437559 0.0027891717231097557 0.9999661763750866 -57.89155452851579
0.999117183049588 0.04155426423349323 0.006172330116684558 1.3123587797652208 -0.04153444786230619 0.9991316069504376 -0.0033047894652806584 0.62591915190614 -0.006304298202787956 0.003045507617702797 0.9999754900533917 -58.79311435783166
0.9990132989581374 0.043938313696232315 0.006469396750137861 1.3251706096263662 -0.04391239666921386 0.9990269922333641 -0.004095144432558865 0.6781387955432937 -0.006643035717563673 0.0038070170329781152 0.9999706879192839 -59.667786034366614
0.998834134564279 0.04796184910873392 0.005480206136522008 1.4987746437487193 -0.047940572850301004 0.9988423793898606 -0.003950013871708767 0.6529951439855698 -0.0056633121062428645 0.0036826844655425167 0.9999771821052291 -60.59748957760798
0.9987092730478733 0.05057165773790303 0.004721796462025703 1.636105660815921 -0.05054965564119369 0.9987106384326822 -0.004668296899417 0.6962448899564014 -0.0049517918721551 0.004423586217625185 0.9999779555781367 -61.50383370480942
0.9985741008801569 0.05313979099484006 0.005091921485157722 1.6821170252309239 -0.05310817526068271 0.99856979483028 -0.006155206990273192 0.7916919841149925 -0.005411725405718937 0.005876007627395918 0.9999680923721996 -62.3906291839049
0.9982393208686781 0.05912903144749123 0.004692111648504451 1.798851529531194 -0.05909218655346824 0.9982233164893533 -0.00763700892539935 0.8595439595596307 -0.00513534419202315 0.0073462954662955535 0.9999598292846325 -63.23777673143685
0.9982003498779449 0.05981990082489227 0.004200115337490168 1.894628504201546 -0.05978433733246951 0.9981781598131153 -0.008135986837516986 0.9182238430365289 -0.004679157324311681 0.007870243795640013 0.9999580814960852 -64.0883367689337
0.9976107395380055 0.06896790008602498 0.004030026818494797 2.0066437787808433 -0.06892457520925076 0.9975712590395587 -0.010049182576413712 1.0205184484056724 -0.004713309947165373 0.009747404575261878 0.9999413846888167 -64.99677603107403
0.9971684796192722 0.07509607229282499 0.003950086072463278 2.0580812708892067 -0.07505074760259402 0.9971235132809656 -0.010586998938112043 1.0380378213971473 -0.004733765739957328 0.010260564722015069 0.9999361540986027 -65.81741625581157
0.9969877307317525 0.07754632577832479 0.0014255274927312245 2.3636128047844163 -0.07752712675115142 0.9969345728889681 -0.010535748497449116 1.0389838209673325 -0.0022381662274091716 0.010393494935416041 0.9999434813403035 -66.7063157284484
0.9968586908819129 0.07919725080824573 -0.0007388353094668448 2.619079389138996 -0.07920066167576793 0.9968060527546421 -0.010244431747548901 1.0210909064862752 -7.485532203318796e-05 0.010270767066069901 0.9999472514790744 -67.54385034236594
0.9965964802113055 0.08235890428635748 -0.003530795262739443 2.9560130676514507 -0.0823914729084175 0.9965461144583888 -0.010367591324381635 1.0396738572381121 0.002664736838466254 0.010623212444383173 0.9999400214687595 -68.4002871128763
0.9963896082230359 0.08467444916277939 -0.00616330139818505 3.202728148621563 -0.08473333523470367 0.9963532944631984 -0.01001870811703122 0.9808280562211416 0.0052924970617190155 0.010504773739154625 0.9999308172086411 -69.16833623123468
0.9959449713417482 0.08956215636373209 -0.008499070923507877 3.4800447704351485 -0.08966573031246723 0.9958908461884272 -0.012707450005033401 1.1647049746993308 0.007326040309492599 0.01341799633242348 0.9998831364253559 -69.98689863006888
0.9961635730423747 0.08676342044109056 -0.01141247636633018 3.7818405627299616 -0.08691611825539328 0.9961222093077104 -0.013643038933477184 1.2842633919697668 0.010184504448621394 0.0145826265565717 0.9998417989221333 -70.81616029199299
0.9966148523965895 0.08073806997325039 -0.01549838828777123 4.196641274191959 -0.08097283210496814 0.9966008728857422 -0.015169068009522382 1.4567357450335794 0.014220986021533164 0.016372666868027276 0.9997648220137594 -71.54181551077174
0.9963423696659489 0.08350884534367035 -0.01811505334821272 4.465761010229593 -0.08374698013061051 0.9964047075924974 -0.012810230540975643 1.2680927451400539 0.016980156873385298 0.014280456465980492 0.9997538411207423 -72.32857694364799
0.9961397796379377 0.08499831129859535 -0.021927756366491795 4.8654323667907065 -0.08527993494621232 0.996281806703097 -0.012243133911821911 1.256828479429258 0.02080557902224637 0.014065870353450834 0.9996845898445914 -73.08305612046752
0.9961399657212324 0.08416459962839981 -0.02492967834315478 5.18273609740523 -0.08447739461750561 0.9963558820684553 -0.011769709691780178 1.286959375012475 0.023848238751325676 0.01383027248400092 0.9996199203054519 -73.87312032833599
0.9955816026105698 0.08960492995555078 -0.028075417557540762 5.508820932322149 -0.08988648046881956 0.9959119853977956 -0.008929611970837498 0.9601276555241642 0.027160507585425417 0.01141375786855674 0.9995659222677712 -74.58075581959334
0.9951760294993306 0.09246715344715259 -0.03277950340271024 5.992176907580003 -0.09281687761383967 0.9956396726995055 -0.009309638920981366 0.9583121643572817 0.031775738228482786 0.01230722065302646 0.9994192487539114 -75.3279410807485
0.995001868717809 0.0924296507288972 -0.03778942860380232 6.474157802973665 -0.09287512569915668 0.9956254750164067 -0.010204142527433872 1.0710672466445668 0.036680952474460675 0.013662838815137012 0.9992336236141566 -76.04001904221116
0.9949449061985901 0.0920293387086117 -0.04018997942689805 6.708953572962972 -0.09247768741247493 0.9956700175111466 -0.009438938509902956 1.0399463593463565 0.03914729825057459 0.013107900144904096 0.9991474725952479 -76.7709586134275
0.9949453637179867 0.09006622749242264 -0.04440493082267297 7.123036484982377 -0.0904469448592856 0.9958791634927421 -0.0066364061522479565 0.8240921300656495 0.04362422929639616 0.01061915186252734 0.9989915716521416 -77.48778326338244
0.9951628029432806 0.08394629891561907 -0.05102954572052132 7.6063763295055 -0.08432399975300116 0.9964243441495125 -0.005290505823607628 0.8539331491199864 0.05040296324353463 0.009567930005142108 0.998683130933775 -78.18417537106627
0.9952383521917673 0.08064673025043957 -0.054742371400300895 8.136085199430891 -0.0812293752973537 0.9966591927740037 -0.008499532214939091 1.138564689754691 0.05387402820856548 0.012905749067139038 0.9984643362311939 -78.8899253462352
0.9949481676880727 0.08087757066490951 -0.059472364821732945 8.590561633988283 -0.08148729360196076 0.9966431071871933 -0.007895433976959944 1.0425089947329027 0.058634158948300555 0.012701789621909897 0.9981987276814303 -79.5750143712703
0.9946727422351211 0.08089106230046564 -0.06389657185144165 9.036452637427578 -0.08164726715299894 0.9966178099579551 -0.00930938456913477 1.1615430763679973 0.06292741549524403 0.014476771550018088 0.9979131041651761 -80.27051824404322
0.9944341204129854 0.07880251185451807 -0.06993528640014694 9.638749396205629 -0.07968692174614612 0.9967703474178863 -0.00994328974987502 1.2491693725330864 0.0689258635134564 0.01546087429109123 0.9975019732838023 -80.96053724673851
0.9942198621239894 0.07679730654135491 -0.07502692494130893 10.131277429628305 -0.07773254100869947 0.9969278211379061 -0.00962140891751102 1.2584508383211006 0.07405753051841853 0.015397829367163194 0.9971350906593817 -81.6105320334561
0.9938681847296135 0.07504641955359828 -0.081203856401332 10.750196830440933 -0.07603179939191917 0.99706380402472 -0.009106930601572891 1.2358116361297196 0.08028198343021804 0.015225163905200144 0.9966559072822324 -82.2686827850664
0.9936495615747196 0.07181693622240816 -0.0866191460012968 11.295448888143625 -0.07287379396392472 0.9972996781771293 -0.009097365613063884 1.2817810782332395 0.08573190150504573 0.015351859151935501 0.9961999605927057 -82.92033169855536
0.9932586754582373 0.06912176764478946 -0.09305581585590367 11.920214344762213 -0.07024549526270064 0.9974904656104489 -0.008851068384538644 1.2897918628322598 0.09221048759358133 0.015328152331889722 0.9956215514560964 -83.55263771343385
0.9929436912712775 0.06421301987983165 -0.09969711150521024 12.593309620541332 -0.06521603744786768 0.9978477867866816 -0.006831022216293586 1.1586850390010055 0.09904390149912462 0.013284670971970697 0.9949943834479661 -84.2206751635673
0.9921843718652912 0.06587430135809766 -0.10597522657140247 13.224051977432847 -0.06701222376720803 0.9977261111322664 -0.00720895489361524 1.2007038956603453 0.10525936581630728 0.014254247979710213 0.9943426382904847 -84.83568057915346
0.9916526877888484 0.0637256570107082 -0.11208919412551059 13.834663673909795 -0.06492511090352476 0.9978650249438648 -0.007079686994861693 1.2012227601320418 0.1113987287868126 0.014297993996843806 0.9936729293848899 -85.47299118347348
0.9907528073726554 0.06526167855504304 -0.11895288140848141 14.516709958406896 -0.06666916981452496 0.9977439609974464 -0.007887337279980007 1.3017319912670142 0.11816977819833648 0.015744891403384302 0.9928685723273003 -86.08651576759915
0.9898238994516646 0.06545293227114012 -0.1263509466977217 15.288618029650136 -0.06706229590804681 0.9977124023073156 -0.008521194147938256 1.358289962471192 0.12550416942015327 0.01690786619520141 0.9919490044951316 -86.6840380436425
0.9887848675533399 0.06868150273975507 -0.13261725709323455 15.93016762903585 -0.07042218914543968 0.9974812759891463 -0.008474628430120465 1.3473423039977501 0.13170118060779853 0.017718781912809574 0.9911310931425965 -87.27996833839259
0.9876718192664806 0.07112375910032089 -0.13944815638178945 16.635418837921065 -0.07291921553676407 0.9973073313012208 -0.007802239315732876 1.274948145373366 0.13851774410646253 0.017874502070730398 0.9901986349936966 -87.869991578014
0.9867091584130622 0.07110042152926054 -0.14611559383634584 17.323565015322355 -0.07273329870076277 0.9973342311023831 -0.00585651189053478 1.1106623658062569 0.14530968296673194 0.016406143050083977 0.9892501880244087 -88.48148352346057
0.9857688089217777 0.0706590898301444 -0.15253572821249217 18.00154108420197 -0.0715293721644795 0.9974384698687263 -0.0002185032935952281 0.5562408898001295 0.15212956410472978 0.011126178603164123 0.9882979327485186 -89.08117308094526
0.9852822702307156 0.0668997928002943 -0.15729992273451654 18.508106245213504 -0.06778044415217206 0.997700233671702 -0.00023478067512199777 0.5947055606880078 0.15692246289024864 0.010893183864638417 0.9875508489114622 -89.72030461774322
0.9838317239349418 0.06924574759862501 -0.16516708333898775 19.32052518805488 -0.07028582920409371 0.9975267897896166 -0.0004537236107034076 0.5860778302662718 0.1647271719914282 0.01205529309181072 0.9862654960588335 -90.2756295358037
0.9823794095861339 0.07139645518001393 -0.17272302049503166 20.110130065046135 -0.07351329811128017 0.9972768922888471 -0.005881760578369709 1.1739805925562863 0.1718327402505149 0.018475559380637854 0.9849528735343491 -90.80611170547851
0.9817271330836528 0.06971225086471257 -0.17706506783306308 20.82471191942238 -0.07103728012256962 0.9974730014685443 -0.0011472463209354243 0.7783814976977975 0.17653764754334816 0.013704503665171792 0.9841984787527117 -91.38254532680467
0.9796717085682546 0.06624141161267764 -0.18935527143049602 21.805935373477187 -0.0671840710364517 0.9977395535798891 0.0014435446555993237 0.5200813254645781 0.18902286642077465 0.011307458147767457 0.9819075808650785 -91.89339955566633
0.978909985793109 0.06866865799327129 -0.19240544463174197 22.169385263986285 -0.06887905056134805 0.9976092820977354 0.0056032728122309295 0.20140816995246935 0.19233022671515376 0.007767604640052536 0.9812995201312662 -92.55843888343858
0.9763349149848933 0.07310356498792499 -0.2035337872872639 23.267797346727196 -0.07306710080937102 0.9972972712130765 0.007703999627749343 -0.11762595898906787 0.20354688049870517 0.007349939932229313 0.9790376120569824 -93.01098006746265
0.9856195325530235 0.09843730138705364 -0.13734713228019635 16.41340964808159 -0.09045555972623406 0.9938926629744548 0.06320732710817978 -5.930946452962535 0.14273026576228703 -0.04987456447109191 0.9885042230836678 -94.57511935827004
0.9794845836379645 0.11657496226332699 -0.1643783093624796 19.262263825968112 -0.10219617018420933 0.9903699195089227 0.09339895787197064 -9.068231428797063 0.17368331300169076 -0.07468400568524636 0.9819655829404423 -94.66698674106385
0.9807420965914234 0.11859519020275265 -0.1551777072721212 18.265885080227132 -0.10322989753151869 0.9892464565366776 0.10361002116233405 -9.5431465675434 0.16579664721909 -0.0855957305617522 0.9824382131617787 -95.25595742708478
0.9762405072354596 0.12676438145811536 -0.17574203716297898 20.429847505608414 -0.10144644265584933 0.9840308848644987 0.14625948483864218 -14.525720619092489 0.1914760854653289 -0.12495602917159679 0.9735106057298714 -95.08052316235347
0.9860086209608984 0.12568095554161093 -0.10950477982688733 13.55438214784306 -0.11803737209209691 0.9902693080177191 0.07371483153137998 -7.05535574191448 0.11770377300825713 -0.05975780294033144 0.9912491244926097 -95.92887767752221
0.9887139543752876 0.10690694136827793 -0.10495533483754481 13.085020201523003 -0.09874495067730892 0.9918824763027599 0.08011609026431976 -7.632005146754264 0.11266832358439256 -0.06884808705246928 0.9912445660733269 -96.14648237438556
0.9894313832292362 0.11197123032353337 -0.09213024183684032 11.941711151559698 -0.10420130663711141 0.9908977824143876 0.08522718170494503 -8.178186853713251 0.10083464472193632 -0.0747263567028614 0.9920929119985273 -96.42140737812913
0.9900015346938117 0.11925187864968786 -0.07533890590138494 10.03413588449449 -0.11255279008125785 0.9897710055127911 0.08766542129667132 -8.481278871268504 0.08502253083049173 -0.07830929756241395 0.9932969461175543 -96.74023723545412
0.9905363008027663 0.12274663195490505 -0.06140929193288888 8.605128587244694 -0.11727687099673824 0.9893764365058063 0.08590926851211447 -8.311072148659726 0.07130197978447797 -0.07789435942864703 0.994408616438944 -97.05714105672615
0.9909201735238917 0.12246376589486202 -0.05549626785855735 7.994418100561786 -0.1167412183108506 0.9884423647329866 0.09671183768474108 -9.42333626052397 0.06669855808545366 -0.08935500905886483 0.993764048809078 -97.1540526855816
0.9915061013327096 0.11738720793563465 -0.0559990574303429 8.045959925511681 -0.11208996443548602 0.9896273107584131 0.08985335649781057 -8.69736228540802 0.06596583125271938 -0.08281321883701437 0.9943794446251343 -97.35487345023027
0.9921649601442267 0.1175130559016724 -0.04241902349954877 6.657717567028751 -0.11254617465705331 0.9880941919636469 0.10489626484185081 -9.978484662335566 0.05424067138291067 -0.09930029959853127 0.9935780795023474 -97.53688493648565
0.9925055682416172 0.11874992030063841 -0.02882973184018023 5.261793818094628 -0.11476291685343532 0.9868393447583393 0.11391918430283356 -11.18186496943816 0.0419782077353973 -0.10975684063202389 0.9930716318623749 -97.67453146497621
0.9934988782840902 0.1119933575159592 -0.020432002362886156 4.40150492037541 -0.10906955161381283 0.9878153816005997 0.11101623657836435 -10.858849089593615 0.032616127284155846 -0.10806599717563381 0.9936085388599575 -97.91833302576804
0.9939613610165401 0.10943022489964543 -0.00811410405160087 3.133301788143521 -0.10787405510560424 0.9880138303074644 0.11041675305969657 -10.801875554891561 0.020099777143546743 -0.10887468484264821 0.9938522535866152 -98.13764966411279
0.9938253350942531 0.11094872041218878 -0.0012588739783692378 2.443101537608126 -0.10998773701964248 0.9865859912272621 0.12062661240132144 -11.857512596005826 0.014625355725363325 -0.11974332279095412 0.9926971520140914 -98.22231436148748
0.9942522957835 0.10655199355095367 0.010442461374458891 1.2503210683691603 -0.10703252613130039 0.9869282944550588 0.1204847706309028 -11.816712505533285 0.002531931909044544 -0.1209099428266604 0.9926602515697209 -98.43035662232828
0.9951014656264079 0.09654198944352285 0.021277156352803507 0.1321153556122031 -0.09843767032445577 0.9874861844034178 0.12321144700665085 -12.055625521669901 -0.009115819725547593 -0.12470236520076791 0.992152317914979 -98.57280937822809
0.996020858133264 0.08377920517675984 0.03038905960089348 -0.8121730394565845 -0.0869774840408435 0.9881390461525038 0.1265549000977232 -12.353864435697504 -0.019425947426086946 -0.1286944841427567 0.9914940051850181 -98.7001856168833
0.9963273928944922 0.07548896587722978 0.04041215409812323 -1.8453350327907696 -0.0800864112167465 0.9885521857454812 0.12787002305565526 -12.469231847495479 -0.03029674745721398 -0.13063687109165645 0.990967262327518 -98.84557452664885
0.9957929663828855 0.07289016193770345 0.05552830264890933 -3.4008219607470576 -0.07959455716470057 0.9883064888653716 0.13005764312933044 -12.699094177519699 -0.04539905915466437 -0.13393023691197004 0.9899503104037974 -98.96132206082841
0.9956662452659338 0.06522739172729433 0.06628812417387782 -4.509491979581409 -0.0734723448746859 0.9886957014399065 0.13070051450880577 -12.744124636115739 -0.05701352976840293 -0.13500443445570753 0.9892033461835044 -99.08965897616474
0.9941428571577232 0.06839822289613652 0.08367593839885573 -6.294356697793414 -0.07918283654608389 0.9879184724026969 0.13321850577918232 -13.019213769324022 -0.07355309618768496 -0.13906392411467577 0.9875480580969378 -99.14248737237666
0.9931847523588443 0.06348891263613977 0.09774050160594557 -7.735426767967236 -0.07669523469853988 0.9874713262008796 0.1379065658538849 -13.486953952167626 -0.08776040483291496 -0.1444629291664703 0.985610761629664 -99.16375711882033
0.9901381786742763 0.07044285670077728 0.12109579295508466 -10.130990488136357 -0.08826631893491528 0.9849252869961858 0.14876570833750977 -14.640739460070966 -0.10879082715590863 -0.15798728738514048 0.9814298614528796 -98.98274161179637
0.9877373166479982 0.06734339238038012 0.1408540407787941 -12.16622915887171 -0.08939514733718931 0.9836060812311183 0.15661284940171744 -15.441957483046611 -0.12799805050692858 -0.1672840233491082 0.977564603797908 -98.82097972786646
0.9862059028447914 0.06227353270268968 0.1533620693614197 -13.451820356988447 -0.0883449229802529 0.9815551646658515 0.16954242330875852 -16.77631760708919 -0.13997532560313283 -0.18075249885553485 0.9735170478115813 -98.62258687259398
0.9857796213870181 0.05745902079457085 0.15791453064045824 -13.914539232425946 -0.08609266111179947 0.9797166417950779 0.18095125170184354 -17.955060640474127 -0.1443142119153758 -0.19197333856320817 0.9707315002203956 -98.50846404726425
0.9818703042990409 0.06363280122696179 0.17855411544884348 -16.03553940530139 -0.09699528654547786 0.9779682891724556 0.1848511286442716 -18.41085623142879 -0.16285766768460613 -0.19881874152380702 0.9664101034732719 -98.29797379062255
0.9778974521099236 0.07384794384614622 0.19560944339835964 -17.77673375608151 -0.11222302249327386 0.9747534397781218 0.19303296315187607 -19.32934967717692 -0.17641589038233993 -0.21071832580583927 0.9614963446577374 -98.01297811697782
0.9748860958476966 0.06785491442906245 0.21211508836162607 -19.484252188813826 -0.10885632961901885 0.976107828181172 0.18805267151867613 -18.7881597878229 -0.19428690029106788 -0.206420004726432 0.9589803866732773 -97.96789929676676
0.9725439713826736 0.06945867704666198 0.2221119445463138 -20.52080917126788 -0.11561478761977664 0.9725148248921394 0.20210921861371267 -20.273982179082697 -0.20196891991306784 -0.22223952742016678 0.9538438802242271 -97.63046850212751
0.9705430991310748 0.06851612074439095 0.2309797262254604 -21.43781406876056 -0.11909015008628338 0.9698295133916683 0.21271636304456307 -21.383327066343643 -0.20943645547391002 -0.2339578084882398 0.9494209366587114 -97.35346418795372
0.9649720932295539 0.07089042393051732 0.25259336310189295 -23.642806270643682 -0.12512731430450816 0.9705996804530067 0.20561958933784047 -20.653711665733162 -0.23059057765466923 -0.23002349466842048 0.9454719336910077 -97.17145690610911
0.9633050741491384 0.06929517748199424 0.2593096845400534 -24.321984226295044 -0.12838772766254497 0.9673687629759113 0.21843595812984434 -21.995331738194256 -0.2357115302741282 -0.24371264800209663 0.9407678883229565 -96.85587396842992
0.9654125620900301 0.07012971234327134 0.2511183155514823 -23.449983513167957 -0.13227213284785388 0.9617367645422505 0.23993015358575392 -24.237944370238782 -0.22468348366233667 -0.26484753949103207 0.937748960540561 -96.65083840377574
0.966641112649465 0.06650376847052551 0.24735037520695863 -23.030503272138755 -0.12913686813010467 0.9605226386896292 0.246414142967201 -24.834359238321156 -0.22119816596290404 -0.2701360941154124 0.9370687605670763 -96.69125835398847
0.9684246906266931 0.05976886233196671 0.24203574463317612 -22.4847831541097 -0.12413133208588673 0.9575388360476902 0.2602129701898389 -26.30001888941879 -0.21620599200571883 -0.2820408845468634 0.9347234395610533 -96.51254404413788
0.9726664240711673 0.05036543872602734 0.22667895814685368 -20.888580403345347 -0.11339427952489337 0.9549067212688384 0.2743991454917954 -27.74383525740095 -0.202637027355907 -0.29260293275620447 0.9345168585353769 -96.52520139489796
0.9731683426893298 0.03866958063521676 0.22682160461649034 -20.91017294120951 -0.10433731573553508 0.9527652165906422 0.285223012045119 -28.843225880723704 -0.2050782809865693 -0.30123596330531865 0.931235627045653 -96.27361800785991
0.974556082068013 0.03145516076105742 0.2219256987501453 -20.399257054271715 -0.09531265648386483 0.9542849092915853 0.2832945629770181 -28.615362731806233 -0.20286926928007845 -0.29723876725596704 0.9330022373081 -96.52851336566714
0.9747174553603245 0.03166178297831927 0.22118637777794461 -20.320470198300317 -0.0948291022680371 0.9549544714879045 0.2811928141832488 -28.39812584233625 -0.20231985463352817 -0.29505844994490626 0.9338132508896932 -96.7773688803581
0.9739492207218435 0.02277966842542478 0.22561915291424506 -20.831377616944895 -0.08815461426518868 0.9547182087080994 0.28415120261043014 -28.68735760632379 -0.20892984334237552 -0.296638211745597 0.93185518826334 -96.67015977462934
0.9751894877614574 0.023068056208188352 0.22016659088590648 -20.226186567376033 -0.08709548409049542 0.954327945708392 0.2857840945382417 -28.846371646451598 -0.20351864683755275 -0.29786916057688195 0.9326597040542897 -96.79628106717745
0.9742919334506539 0.02536307208083602 0.2238569699330555 -20.61694550563571 -0.09037315660005664 0.9541917753528738 0.2852205259357615 -28.79437349357715 -0.20636841080729443 -0.2981187186735397 0.9319534905762833 -96.83047066609578
0.9746282078283007 0.022028176111861926 0.22274338590086012 -20.50517249636876 -0.0867245212236073 0.9545764401252107 0.28506609299672264 -28.76032794863977 -0.2063461022746269 -0.2971507688279888 0.9322675081010838 -96.93957207963423
0.9750256343104733 0.01985326682814323 0.2212032102699003 -20.344442056677334 -0.08414981843886245 0.954758771279169 0.2852270967530926 -28.768158317072125 -0.2055330155818419 -0.2967179409165244 0.9325849253789664 -97.03263819316281
0.9749465743958164 0.019142362297031652 0.22161395948710427 -20.387668473114662 -0.08347379919936995 0.9549636522174676 0.28473943841817706 -28.71232121814323 -0.20618269064372496 -0.2961046992351941 0.9326364271085219 -97.12845030332194
0.9747471649993261 0.02066949877481762 0.22235272911789117 -20.431458060394654 -0.08519242858466376 0.9548215169033895 0.28470707924137967 -28.703358605585276 -0.20642241747839174 -0.29646018734175433 0.9324704514801895 -97.20110317197947
0.9749300737170807 0.01868603090294115 0.22172546901766124 -20.404789182068576 -0.08305796382099248 0.9550046494866975 0.2847235397797322 -28.7058750836328 -0.20642850095836632 -0.2960016076103039 0.9326147770029152 -97.2843554988883
0.9750113789534669 0.019981430129844664 0.22125449907566885 -20.351025090601073 -0.0842663198406425 0.9547823450676705 0.285113768323444 -28.748729347489007 -0.20555290864342823 -0.29663347079695185 0.9326074124470491 -97.3608719556385
0.9746222761936636 0.018829280302762118 0.2230624956158297 -20.539829121031623 -0.08355699539088882 0.9550376765385092 0.284466632337033 -28.674877323430483 -0.20767678557876662 -0.2958859486275172 0.9323743122461414 -97.4227030381535
0.9751718774979711 0.017394665408959835 0.22076511262514378 -20.304761857071682 -0.08140649626572702 0.9552658836678184 0.2843238890175784 -28.651523217954914 -0.20594366147764845 -0.2952363749873182 0.9329644640507629 -97.55740293940505
0.9759933273403897 0.01636037915635792 0.21718508922321336 -19.923599488372666 -0.07922924316488748 0.9555262606939745 0.28406388744736594 -28.613856048133602 -0.2028786632806764 -0.2944518689328544 0.9338834749942816 -97.73284859625474
0.9761004159373442 0.01309307287570409 0.21692521626038563 -19.90405227568361 -0.07612477510826718 0.955540042647302 0.2848653111775951 -28.684935516886256 -0.20355096811771572 -0.2945705320297057 0.9336997403009583 -97.79727566236055
0.9761064578625386 0.01182779587644571 0.21697070346881672 -19.906259387232698 -0.07478551036495827 0.9558020344183474 0.2843406380403632 -28.624539911138378 -0.20401791675855527 -0.2937729978171126 0.9338490859850139 -97.89799349499054
0.9762808721603925 0.009655095105641102 0.2162924820520683 -19.84462088150229 -0.07217313918295956 0.9563779006924109 0.2830765780626405 -28.47770676867931 -0.20412421863713381 -0.29197275593054584 0.9343902895257964 -98.03568562140225
0.9766609879586597 0.006590897031662917 0.2146855250731466 -19.66288319812225 -0.06873219095011619 0.9565610063622598 0.28331418431560657 -28.46324214045726 -0.20349250729894552 -0.2914577176599356 0.9346888243098074 -98.16045647034775
0.9765895426063055 0.006431524885636145 0.21501511751421687 -19.698892891814886 -0.06865329601619856 0.9565985248891264 0.28320661561139343 -28.444097939157288 -0.20386169384688058 -0.2913381157136717 0.9346456612611477 -98.24432076553697
0.9766237584620069 0.005718003464779169 0.21487982418998866 -19.709323603909027 -0.06761254927214304 0.9570792890844175 0.2818293412449954 -28.31677831452454 -0.20404552822462366 -0.289769803192194 0.9350929812427701 -98.36635605261198
0.9768750039716878 0.0055429412130353906 0.2137393328754063 -19.59044547507555 -0.06679369212471162 0.9575442083317829 0.2804419579567372 -28.16459890466654 -0.2031103870009216 -0.28823317798783676 0.935771235826026 -98.52001237644531
0.9774900544281732 0.0014974899719600449 0.21097618590208464 -19.299357842105735 -0.06210388028282493 0.9577137015813859 0.28094051658152935 -28.16278167243866 -0.20163407833951 -0.28771900063614825 0.9362486182233395 -98.66288727412265
0.9783851197656049 -0.0025545136437607266 0.2067753173889156 -18.869051927335317 -0.05659898215281455 0.9584333855026501 0.2796462064344765 -28.03356168301233 -0.19889472753320617 -0.2853049596729302 0.9375723797902321 -98.86435249693587
0.9783504457307751 -0.0038129490803037076 0.20691995253649353 -18.89181466811625 -0.05536446429970064 0.95856689061648 0.27943566756350274 -28.008555862113212 -0.19941208948105654 -0.284842022238932 0.9376032428141633 -98.9561956819925
0.9783291773597805 -0.008635563350767907 0.20687544023433496 -18.89885293009482 -0.0504064766105722 0.9591378216350099 0.2784130496671372 -27.878213308346655 -0.2008263126242248 -0.28280747188655186 0.9379172276927715 -99.08163349456642
0.9790654210766142 -0.007174802782299851 0.20341932911379682 -18.52734890612943 -0.05032262577817436 0.9598224917827352 0.2760587212945302 -27.627865488634647 -0.19722711422839886 -0.28051614298114175 0.9393679571606228 -99.31550687702813
0.9793636398254212 -0.007357276911292034 0.2019721056590568 -18.374471455431355 -0.049620786801059275 0.9599961869718846 0.27558138274688704 -27.573447996232634 -0.1959199798518427 -0.27991640086978287 0.9398202860222589 -99.45254466506478
0.9791650352985029 -0.009444714700980471 0.2028463236371287 -18.47670473055181 -0.0479827149371746 0.9598696949865544 0.2763111067504829 -27.640850151394893 -0.1973157183706851 -0.28028729191783924 0.9394176607203126 -99.50815506159304
0.9794230183518055 -0.011089986584580158 0.20151318398604268 -18.338035359815883 -0.04613889780590222 0.9597416679716643 0.2770688233421875 -27.711334444329715 -0.19647328885091575 -0.2806651794514625 0.939481401525109 -99.60683894816609
0.9793988575819995 -0.012732974022608208 0.2015334938406366 -18.344981816836825 -0.04447078053752763 0.9599084838596582 0.2767635313632117 -27.672041906037325 -0.1969777333747583 -0.2800242382130375 0.939567027182069 -99.71191826628731
0.9794838527590561 -0.013652954708004065 0.20105964043541094 -18.297990514933307 -0.04328598610781664 0.9601616986311421 0.2760721570322398 -27.593477408898757 -0.19681896654273298 -0.27911128481217123 0.9398718982390896 -99.8363091881936
0.9798042268782617 -0.014012098898670354 0.19946763666305822 -18.12824972300063 -0.04250374378159072 0.9601510545345598 0.2762306721577486 -27.606896621171657 -0.19538963318467234 -0.27913010149503154 0.9401644950131507 -99.95620876349861
0.9795014372976435 -0.016216346370494586 0.20078337690715997 -18.275310036420787 -0.04058795719592891 0.9604228469178843 0.2755731714968052 -27.526681963788292 -0.19730573246236904 -0.2780737046693526 0.9400773705972023 -100.04744374314271
0.9797127331756658 -0.018972921362917852 0.19950686381281063 -18.145951636662037 -0.03732067965072678 0.9608217588894766 0.27464288542567483 -27.41469410386212 -0.19690131366721414 -0.2765168636801182 0.9406212291760357 -100.19627350843767
0.9797932237374148 -0.022746665733034147 0.19871544458414345 -18.070387798578 -0.03376979330881385 0.9604358914202814 0.2764461964498868 -27.5927236150361 -0.1971416743819636 -0.2775706895004569 0.940260428047526 -100.25767801952824
0.9797462758679861 -0.022535022708384995 0.19897087142178507 -18.099618558381724 -0.033994308913348995 0.9605059317576186 0.27617520167446735 -27.563561531760374 -0.19733631668883392 -0.27734550259551977 0.9402860470653187 -100.3562037245763
0.9798811541589041 -0.025965050118621203 0.1978856738032129 -17.983398866092656 -0.030365941375827116 0.9605621633820499 0.27640231526374004 -27.50419344179919 -0.19725829089945476 -0.2768504044626513 0.9404483081064544 -100.49126038100972
0.9796691963257476 -0.015157322416115351 0.20004629801032986 -18.194439235705396 -0.041089952033848964 0.96084339727229 0.27402843239361196 -27.35756201648164 -0.1963667018929629 -0.27667710692324776 0.9406858651496056 -100.60106186881127
0.9795234164099822 -0.01385400104114069 0.20085303920943934 -18.277638400812222 -0.042291283308967254 0.9612124896419771 0.27254723831356764 -27.199968045345866 -0.196838319594019 -0.2754607347906849 0.9409442382670605 -100.73041871498431
0.9794999570246558 -0.011902986350197618 0.20109239942037732 -18.296763838848854 -0.0443712590295489 0.9609873315209502 0.2730101463835659 -27.255373059926068 -0.19649688435400253 -0.2763361495935529 0.9407588994354394 -100.81285433637078
0.9794230188616672 -0.010210336229433657 0.2015596664960037 -18.343866681094052 -0.04627304781381668 0.9607527746598564 0.2735194893045236 -27.314452396934815 -0.19644173479665306 -0.2772180640172445 0.9405109195605399 -100.88687795980545
0.9795113688315326 -0.006672756167397587 0.20127829653220883 -18.30884551035129 -0.04906875157526018 0.9614225876688671 0.2706637499535999 -27.051078596873985 -0.1953195739003716 -0.2749946949401568 0.9413969310583858 -101.0641014730001
0.9794483614597764 -0.005131689814430497 0.20162979192918778 -18.339570518814334 -0.05030964948996095 0.9618623843404066 0.2688674259912963 -26.82798669535501 -0.1953198566504603 -0.2734856839957741 0.9418363627761497 -101.21781283523852
0.9794512668104848 -0.004742931241137727 0.2016251981935253 -18.33794282868198 -0.05084397398904147 0.9616264676051473 0.2696097682025789 -26.907227991150194 -0.1951668677115514 -0.27432105534298407 0.9416251124216969 -101.29786632102038
0.9796640477792415 -0.0036872696616959133 0.20061096064580808 -18.226025918456525 -0.05170849571464482 0.961419047653725 0.27018446713224115 -26.969771505302383 -0.1938674417217099 -0.27506329971671334 0.9416770126690112 -101.39839008717769
0.9798903665861451 -0.004413187029191287 0.19948782732767334 -18.1066819817776 -0.050766907623519666 0.9613422277942912 0.2706359956654954 -27.0129372218843 -0.1929704396067316 -0.27532098510602926 0.9417859441498532 -101.50858176306119
0.9801982133504926 -0.005356289533602489 0.19794638846650991 -17.943885091582874 -0.049317760214234396 0.961531331051354 0.2702318595836968 -26.962803124487635 -0.19177909446014574 -0.2746430584759858 0.942227132574202 -101.6472391998521
0.9806132662173782 -0.006813614886602901 0.19583461586415832 -17.719304979648 -0.04748044212015548 0.9613513900409635 0.27119939616891064 -27.058717572529403 -0.1901137284221209 -0.27524003981703726 0.9423904131234335 -101.75891105163298
0.9807597064308351 -0.007582617226224966 0.19507153087445336 -17.636326727452044 -0.046730088308847964 0.9610763022987846 0.2723024788839471 -27.173956310511812 -0.189543391043712 -0.276179009114914 0.9422305757275947 -101.85589118406229
0.9811331741884466 -0.008239775681349572 0.19315745029282283 -17.431191431501126 -0.0454850524538289 0.9612096337785159 0.27204255169852365 -27.13816904348143 -0.18790637165933388 -0.27569574902071403 0.9426998724205555 -101.99840167081706
0.9813591617523396 -0.008413719521097728 0.19199845043272046 -17.30574074720518 -0.04513722486432902 0.9610050115653597 0.2728222840565081 -27.218907723167234 -0.18680692325578435 -0.2764029252198379 0.9427113006396096 -102.10178405116494
0.9814046341896422 -0.007266702282934218 0.1918127707662496 -17.284334439606127 -0.04629583217252236 0.960822258199486 0.2732714475972451 -27.270116943901396 -0.18628376181124393 -0.27706999690758904 0.9426189988001941 -102.19370431413428
0.981721791846214 -0.007452470432044465 0.19017566642112352 -17.106298949347117 -0.04553669075711287 0.9610128499065417 0.27272827522902304 -27.20595551361687 -0.1847937585773665 -0.2764032615563105 0.9431078961560463 -102.34304662932757
0.9818768669447935 -0.006689000907738194 0.18940188865355195 -17.021203736183892 -0.045880070551840416 0.961260935665162 0.2717948356578824 -27.104568515269577 -0.18388267260629632 -0.2755588337016134 0.9435329839937617 -102.48476144670977
0.9819077138537529 -0.005361880164984931 0.18928415600782048 -17.004796640274417 -0.0470472082743581 0.9613475011977975 0.2712886693806795 -27.051708302105112 -0.18342246772978973 -0.2752857282567457 0.9437022656272832 -102.60690303935544
0.9819519335488586 -0.005469126843113743 0.1890515507771149 -16.979717792615226 -0.04734829340823538 0.960642620127264 0.2737222963266839 -27.31345911186489 -0.18310799903604916 -0.27773340642889754 0.9430459244609538 -102.64499570519246
0.9818739449228832 -0.004400610240113217 0.18948401228359527 -17.023267461133038 -0.04886924526063181 0.9600499190388342 0.2755284918500884 -27.51375954624047 -0.18312660415469753 -0.27979418790075433 0.9424329468284341 -102.68802090859627
0.9817390627638308 -0.005211093424470299 0.19016113469612156 -17.09918688811386 -0.04827428606939279 0.9600785093495651 0.27553375326737634 -27.508739408861256 -0.18400545086514547 -0.2796821417081155 0.9422950141338307 -102.78047791522587
0.9815932620179982 -0.004676156201110063 0.19092616772995885 -17.180653157219048 -0.0489896615845357 0.960086106235745 0.27538097550651247 -27.49276136173936 -0.18459328541065145 -0.27966551838985904 0.9421849695282944 -102.87539948588241
0.9814513197898339 -0.0050744355780204115 0.19164435025942622 -17.260156226198095 -0.048950145797001694 0.9598815376306004 0.2761001936659346 -27.56931740266952 -0.18535692625107214 -0.2803599183540308 0.9418286075880663 -102.94508577970305
0.9814755001021056 -0.006194608520841204 0.1914875179341862 -17.24476239625468 -0.04787204477247736 0.9598436945835896 0.27642060215806397 -27.597153259547873 -0.18551040409805505 -0.2804669477735269 0.9417665215848237 -103.04572315302289
0.9813746988699086 -0.006431931286055667 0.19199565275788846 -17.300697098764285 -0.04767433862560028 0.9600189244410242 0.27584564914406506 -27.532160185579297 -0.18609368031883247 -0.2798612066275541 0.9418316448125756 -103.15805298473481
0.9812154642974661 -0.006299895742594933 0.19281214675725317 -17.39028180217614 -0.048065857187682526 0.9599632702924055 0.2759713627576662 -27.54653513550451 -0.1868311697665071 -0.2800550499511525 0.9416279960794157 -103.24592808535712
0.9810453401230339 -0.006404752973566186 0.19367245483606652 -17.483536241945878 -0.04793999432382372 0.9603631254619355 0.274598660224726 -27.394074989745988 -0.187754620627862 -0.27867839240301784 0.9418527252392261 -103.37694426943266
0.9811371761129863 -0.008695430851647892 0.19311714354592924 -17.427772169861186 -0.04541969285243937 0.9606534019591411 0.27401111803267963 -27.31953883895523 -0.1879012856534646 -0.27761381591454204 0.9421378222230237 -103.51257635749484
0.9812941125106185 -0.009153669060837224 0.19229684109397724 -17.34061038782985 -0.04468461866330571 0.9607593992050224 0.27376022664755245 -27.286373998985066 -0.18725690803522474 -0.2772320096632584 0.9423785137677739 -103.6419531079638
0.9815051578381071 -0.009485017089823411 0.19120057423553466 -17.222014445408846 -0.04411182542457323 0.9606889049598457 0.27410030051928913 -27.319326340374044 -0.18628411632478065 -0.27746506507641355 0.9425027138779163 -103.7608240033009
0.9815057708295353 -0.008620738876386778 0.1912383452384611 -17.22485280751069 -0.04500873056887565 0.9605893433322417 0.27430334968627534 -27.343723855253366 -0.18606621402312143 -0.27783771583022676 0.9424359753645571 -103.86118047352105
0.98149989718292 -0.007141246769797559 0.19132943951334383 -17.231320838379986 -0.046604825009577105 0.9603364019254719 0.2749217805534246 -27.41548378726306 -0.18570390980198595 -0.27875257439423134 0.9422372631948094 -103.94775079016253
0.9815725375717737 -0.006168044043212341 0.19099033671259374 -17.19161632686461 -0.047861136367248036 0.9596858977677857 0.2769698345511205 -27.644381805495637 -0.18499909489114974 -0.28100699788140576 0.9417061123466998 -104.00089258703842
0.9815539246851305 -0.006297895848440951 0.1910817349803463 -17.2033365612208 -0.047983190920533964 0.9593526628806883 0.2781008479181894 -27.767775141689818 -0.18506622145680907 -0.2821396901033502 0.9413541782687772 -104.07443793949807
0.9813433203455894 -0.008067601286742918 0.19209425140428335 -17.317669981213495 -0.04679405423245242 0.9590533391433825 0.2793331508547068 -27.897413201384953 -0.18648218172679173 -0.28311059056030774 0.940783072451354 -104.12448486246282
0.981052188002041 -0.009624250141639354 0.1935044656477449 -17.47640038690343 -0.04559512718010961 0.959244919029769 0.2788732143699022 -27.840484587907845 -0.18830212105506874 -0.2824120378538828 0.9406305077347743 -104.21808468693922
0.9811416819117027 -0.010892756951514475 0.19298276571100956 -17.42189731282542 -0.04362689599583986 0.9601673232925332 0.2759989225106148 -27.51459797778503 -0.1883021347761181 -0.2792132860865461 0.9415849653172619 -104.42023048202395
0.9812287877064335 -0.009586841412340948 0.19260882287137723 -17.376688798113555 -0.044164443515476076 0.9610489290853365 0.27282679090019046 -27.165315384495486 -0.18772205013032237 -0.2762119627671158 0.9425854780969237 -104.62452415122526
0.9814071816910639 -0.009574508632857408 0.19169838942892142 -17.275887229484287 -0.043904720865206276 0.9610759592377203 0.2727734885597281 -27.158064459310207 -0.18684838562575645 -0.2761183249256289 0.9427864824175798 -104.75075313065311
0.981517995633113 -0.008228166165496414 0.1911928908979342 -17.214464093134115 -0.045184586267103005 0.9608631555222705 0.27331364679367126 -27.220246763904292 -0.1859590745627304 -0.2769012344525353 0.9427326922020022 -104.85059549175654
0.9816931145296641 -0.007131511415894003 0.1903359409832331 -17.114593126590133 -0.04596392526080406 0.9608953597990266 0.27307036655653155 -27.194397648087747 -0.1848403269302103 -0.2768198855964366 0.9429765662404919 -104.97649752741272
0.9818156444877849 -0.007067988558418774 0.1897052550056894 -17.044940476290087 -0.045811128323053944 0.9609517818769785 0.27289744122880444 -27.173203495734274 -0.1842264388213708 -0.2766255889197493 0.9431537005143953 -105.10143896577331
0.982080065585055 -0.007672958244256307 0.1883079140456819 -16.891013927656907 -0.04492497746560724 0.960837154417103 0.2734478178581039 -27.229438625972293 -0.18303139397428167 -0.27700737969127465 0.9432743081502883 -105.21845427352521
0.9822949625613893 -0.008324324597563965 0.18715584988589917 -16.7650268919004 -0.04407756351392199 0.9606983152215104 0.2740728288707721 -27.292153863176914 -0.18208178086012616 -0.27746973303505695 0.9433221996371437 -105.32721383700542
0.9824856404833738 -0.009136126461686597 0.18611420536125312 -16.652439906663236 -0.04314683897654052 0.9604986873250326 0.27491930076519117 -27.3807481085662 -0.1812741474405744 -0.27813450494349895 0.9432819730226628 -105.43003819066965
0.9826286097498084 -0.0075172650914378525 0.1854305962528944 -16.57115093123053 -0.04404543902363856 0.9611838703775086 0.27237027486002885 -27.09871626203571 -0.18028037775191683 -0.2758061965432571 0.9441556690217818 -105.62245037542287
0.9826499996865683 -0.007112096668088198 0.185333203169241 -16.55945246417584 -0.04428656967493769 0.9613617678543115 0.2717025046893378 -27.023513397526738 -0.1801046303191961 -0.27519623796305165 0.9443671705160918 -105.75058557313004
0.9827385016194224 -0.006350052429188388 0.1848910875866089 -16.505892009278924 -0.04512892134617505 0.9609902629587694 0.2728756034470027 -27.15527484353465 -0.17941130926712304 -0.27650929700930793 0.9441155600743348 -105.83470477423803
0.9828131829005772 -0.00766388792339158 0.18444379181402196 -16.460928216691286 -0.043686006188501825 0.961101952089869 0.2727170155167096 -27.129060320397883 -0.17935936100503583 -0.2760874906817416 0.944248863970153 -105.95666755152897
0.9829621037565895 -0.009889081126764055 0.18354211683667573 -16.36686226556964 -0.041756754176064656 0.9604293323680705 0.2753758722323038 -27.415958636419475 -0.17900244707572951 -0.2783481697469748 0.9436527011244179 -106.00617294637534
0.9829364601692954 -0.01174033725320484 0.18357036730103302 -16.370828825556238 -0.04056311593624557 0.9595600202279488 0.27856633178774703 -27.761322600837016 -0.17941724804320755 -0.2812591901810845 0.9427103049417052 -106.02532571295758
0.9829033885558488 -0.012858629214896205 0.18367249227944843 -16.390175616057753 -0.039389396382884995 0.9597787244870958 0.27798071061589075 -27.69219594678582 -0.17985940125003808 -0.28046293102054937 0.9428632669190907 -106.1481361814331
0.9829238916572147 -0.0138347397273843 0.1834917523653626 -16.371519333449704 -0.037731474248724306 0.9608286461067898 0.27456264981167994 -27.299523807640355 -0.18010263479597924 -0.27679760258584046 0.943899426921257 -106.36056403667328
0.9827884752887535 -0.015295262442332246 0.18410015694297321 -16.444107181458325 -0.036088798045529634 0.9614690561407898 0.2725341313292111 -27.06399674870975 -0.18117508519450504 -0.27448735677724556 0.944368720084589 -106.52006839762856
0.9826476861198082 -0.016855230957388563 0.18471444489470729 -16.518453201153037 -0.034841799316824684 0.9613611514401574 0.27307651953622963 -27.115150133490083 -0.1821800592374283 -0.2747737936758667 0.9440920444136892 -106.60179646920746
0.9824919303008818 -0.016660851164535057 0.18555867786800093 -16.60956120269579 -0.035651617676873554 0.9607735905247982 0.27503285241423336 -27.33775250872531 -0.18286215860770474 -0.27683302510459373 0.9433583132409287 -106.64121688029005
0.9822167260559767 -0.01737823022801316 0.1869446446679359 -16.769046486625296 -0.035029116167955954 0.9612615737213471 0.27340290398467054 -27.147056392753782 -0.1844539619427311 -0.27508941092107003 0.9435584517785468 -106.77062451132421
0.9821721012951715 -0.015655484208701498 0.18733090842575434 -16.803559697605838 -0.036729580481830365 0.9613374179108151 0.2729126359152242 -27.098273717857804 -0.1843607912628279 -0.27492776276461794 0.9436237724359142 -106.88634727557273
0.9823300411171008 -0.015466833257072174 0.18651666785537716 -16.70943624312596 -0.036798053371482224 0.9611652542797705 0.27350915383835633 -27.163074988026043 -0.18350366096332985 -0.27553970863434923 0.943612354401294 -106.99285326639973
0.9822796991649546 -0.015072203220349776 0.18681386805719397 -16.742221411860953 -0.03738138634248592 0.960978446298144 0.2740858582734959 -27.22807731402946 -0.18365517842827084 -0.2762123357862381 0.9433861992821341 -107.07988640139386
0.9823925293608061 -0.015610258827661413 0.18617528857345994 -16.671792035596 -0.036825709778317894 0.960774017754206 0.274876615789273 -27.31358112453909 -0.18316327512741404 -0.2768927709922633 0.9432823585845467 -107.17636566755651
0.9824724858666636 -0.015514425744563914 0.18576091383494808 -16.62533978191115 -0.03670111825994384 0.9609253920178431 0.27436366175903126 -27.251470357546008 -0.1827589736058074 -0.2763723820666075 0.9435133618541822 -107.30816255892009
0.9825613319407436 -0.01545341802881287 0.1852954960220534 -16.573096944427494 -0.036897161825377056 0.9605182123810401 0.27575961113542935 -27.409614594010456 -0.1822411271476995 -0.27778760871492814 0.9431978668446924 -107.38450085979846
0.9824668665092932 -0.01480841355329075 0.18584823674021053 -16.634550587889432 -0.03761264450380562 0.9606005101044646 0.27537601377112114 -27.36567949227123 -0.18260379290924098 -0.27753805302170204 0.9432011895349167 -107.49615844378798
0.9827070170452666 -0.015552326853496798 0.1845129908148369 -16.485689155688487 -0.0364674502739098 0.9606952741988192 0.2751994098877678 -27.337966911718073 -0.18154074947656795 -0.2771691095008564 0.9435148334912326 -107.6347042629264
0.9824952340252627 -0.016868682422143386 0.18552240476822499 -16.61031728628236 -0.03541393716413429 0.9608178613582781 0.27490887644715956 -27.29562670331331 -0.18289059071526612 -0.2766667396855751 0.9434015830915142 -107.73546535113283
0.9825904887319211 -0.01644032934854446 0.18505579435531289 -16.55651703403718 -0.035859728145477665 0.9605629554220552 0.27574061827772006 -27.388035649466826 -0.18229100732317244 -0.27757615935407404 0.9432504780848748 -107.830437490997
0.982511371255537 -0.01740446868471822 0.18538740470530077 -16.60136526978671 -0.03473371998511013 0.9610159484505049 0.2743025984561076 -27.21569403245003 -0.18293434354860835 -0.2759446163518674 0.9436045753687614 -107.98006277761927
0.9823167793049387 -0.015122185641286236 0.18661474914219106 -16.734935355484723 -0.0370434966794127 0.9613309253289062 0.2728930767902172 -27.06379515062581 -0.1835252692403277 -0.2749803111273596 0.9437713197817391 -108.10735255118085
0.9823451645342324 -0.01883256333099018 0.18612714008063466 -16.698908404838072 -0.03363305897968786 0.9609309241296377 0.27473728613901205 -27.25496049756622 -0.18402933206388808 -0.2761468696359689 0.9433324500569109 -108.17793398159418
0.9823225143492348 -0.02033034914124672 0.1860891042119132 -16.7055199573661 -0.03226761383765163 0.9608157760313543 0.27530318855126 -27.310136835462764 -0.18439435701729454 -0.2764411717401397 0.9431749570822568 -108.27530958040134
0.982921761963599 -0.02462848557165762 0.18236843903707844 -16.2938588740829 -0.02709080543601378 0.9608410939404912 0.27577251577354145 -27.335521395961607 -0.18201894989039463 -0.27600331500488684 0.9437644155122142 -108.45158748686036
0.9828620178612386 -0.022678003843790994 0.18294251006093498 -16.349751596239948 -0.02899348346002002 0.9610354709064578 0.27490034844731703 -27.24609872433105 -0.1820484324639678 -0.27549325182527384 0.9439077478419956 -108.58575336696062
0.9833391856673037 -0.032318525276499456 0.17888420515829886 -15.930905819583693 -0.0189034379299087 0.9605529222860661 0.2774540385759931 -27.482747431418947 -0.18079465137440923 -0.27621295482227265 0.9439383971545786 -108.70239607692561
0.983166667216683 -0.02885409376722072 0.1804182522554538 -16.090215416383877 -0.022772609512269396 0.960400143140516 0.27769222767603347 -27.528059686448714 -0.18128627286709223 -0.2771263364037217 0.9435763249156952 -108.79087409012632
0.9830649604932369 -0.02840688315244063 0.18104234985216602 -16.159748331462236 -0.023422073750029367 0.9603342462108913 0.27786605049161284 -27.550841417940028 -0.18175447700587374 -0.2774007652190652 0.9434055996994073 -108.89385028962074
0.9833827226865669 -0.03188863821375818 0.17872195017519996 -15.909934970003578 -0.01951546209744531 0.960179614433971 0.2787010132104903 -27.622181483112907 -0.18049256899018803 -0.2775576026310624 0.9436017219998167 -109.02821086024673
0.9833717283999818 -0.03246342012446577 0.17867895829519176 -15.905531172193541 -0.0190502597034178 0.9600244503201131 0.2792671523699075 -27.6850981789415 -0.1806021356154594 -0.27802730287039656 0.9434424664332999 -109.13616307035346
0.9833541448107831 -0.03371679438277573 0.1785435623594508 -15.895553138615597 -0.01782402006655122 0.9599928259461037 0.2794567559403084 -27.70063252456736 -0.18082292496285046 -0.27798732328752607 0.9434119555630593 -109.25396434184346
0.9834545951968798 -0.03556977083118255 0.17762840591853093 -15.798447876120377 -0.01597234107954789 0.9596894611371838 0.28060830797155734 -27.82211584670668 -0.18044928236648608 -0.2788026714097964 0.9432428780055437 -109.35753092057894
0.9834953566392659 -0.037310420415558265 0.1770446723214724 -15.73808249005947 -0.014301610179206782 0.9594153861866952 0.28163377051503724 -27.930041904851432 -0.1803672570487372 -0.27951752946219477 0.9430469783144771 -109.45977339134586
0.9833554841203875 -0.03618109856620567 0.17805313801475353 -15.848190121948274 -0.01558086548024333 0.9595699452840115 0.2810387103915148 -27.865094091291166 -0.18102272918405832 -0.2791351791053605 0.9430346352624454 -109.57818368931396
0.9833182352159018 -0.03609731773741088 0.1782757188852395 -15.874656324386377 -0.015499328100522895 0.9599173812362871 0.27985423353757016 -27.726404151295856 -0.18123194839850085 -0.27794892489922124 0.9433447810991749 -109.72954752222104
0.9832113288538017 -0.033648499993542455 0.17934118674115557 -15.984482871140752 -0.018011146438445928 0.9601540660086793 0.27889024387915334 -27.627367929889132 -0.18157940802170913 -0.27743818766562284 0.9434283070839566 -109.86052052324321
0.9832888078145533 -0.03711061474295633 0.17822997138538252 -15.871745341148277 -0.014583922815414983 0.9597998387572353 0.280306223114827 -27.77035368020654 -0.1814674340534643 -0.2782212640956565 0.9432192208511585 -109.96346643799032
0.983294902117197 -0.037601066790536555 0.17809350141581715 -15.857949697841503 -0.014061118688008007 0.9598148983122254 0.2802813691973373 -27.762894262368693 -0.18147567443482282 -0.2781034353511405 0.9432523834236096 -110.08792257925494
