1.0 0.0 0.0 0.0 0.0 1.0 0.0 0.0 0.0 0.0 1.0 0.0
0.9999994728127832 -0.0008458787023754103 0.0005821197266430266 0.0002674419705955476 0.0008469479516849135 0.9999979503188108 -0.0018390316320906486 0.025535831568902143 -0.0005805629357925911 0.0018395236876867956 0.9999981395479093 -0.999673871710608
0.9999990159552589 0.0008385535116862352 0.001124685076757374 0.006512658759516121 -0.0008367083574363167 0.999998305052 -0.0016400647095791072 0.04044087364442284 -0.0011260584524962626 0.001639122062278848 0.9999980226336582 -1.997273705535374
0.9999951390635085 0.0027851270683981904 0.0014017548171398671 0.011381523643086311 -0.0027844274903312777 0.9999959980847597 -0.0005007774120440673 0.05505570332130105 -0.0014031439361614276 0.0004968718931493224 0.9999988921520945 -2.9947149281230736
0.9999934963510725 0.0032666063725779898 0.0015285739642904312 0.013779417671141214 -0.0032657410430343334 0.9999945059949276 -0.0005682564568023778 0.06831446405064234 -0.001530421836460367 0.0005632608343293849 0.9999986702722334 -3.9910760982590787
0.9999906688857456 0.0038930901216730073 0.0018724291024284283 0.013830008839047725 -0.0038910894650974535 0.9999918562213622 -0.0010709405814925974 0.08223518802740593 -0.0018765831219790105 0.0010636447992690705 0.9999976735450574 -4.997755384210258
0.999983251582119 0.005451697680275829 0.0019430768526618987 0.018135206692238448 -0.005447189104543282 0.999982477080613 -0.0023181161706510977 0.10399100564074226 -0.0019556804728329954 0.0023074930388116647 0.9999954253844184 -6.002055797321944
0.9999828116816629 0.005371484812397285 0.002350211085436089 0.025838934171773076 -0.005365520180394537 0.9999823875101015 -0.0025369002327495934 0.12141621402989378 -0.002363796613437869 0.002524246522693709 0.9999940203046531 -7.007293513958125
0.9999825937561564 0.005015028173502798 0.003108323845573869 0.027622652957576932 -0.005013646344166239 0.9999873293567797 -0.0004521904809394944 0.11683733471535351 -0.00311055220911311 0.00043659857351687316 0.9999950669111524 -8.024250774820697
0.9999918390690299 0.0023878049428584435 0.00325886220853124 0.04341127895141206 -0.0023938598688237594 0.9999954135386353 0.0018553535032756667 0.10500522691514913 -0.0032544170396197566 -0.0018631396213228308 0.9999929687155223 -9.036388694169737
0.9999943667957584 -0.0010244604182568762 0.003196381954909313 0.06032213234042327 0.0010156248328139147 0.9999956626111549 0.0027646455606829866 0.10424782685033707 -0.0031992003609053066 -0.002761383661981323 0.9999910698987877 -10.045030339851003
0.999990299929798 -0.0029673531877052075 0.003254974865025548 0.0821857956986971 0.00295731644862861 0.9999908715743043 0.0030839986196307375 0.10345043510300922 -0.0032640964653641914 -0.0030743427139194113 0.9999899469950396 -11.065161680280738
0.9999873668397224 -0.003599041333936044 0.0035089973546538677 0.0895710476216891 0.0035895026611490227 0.999989856128181 0.002720865925655735 0.13554176703013354 -0.003518754268765022 -0.0027082359971779073 0.9999901418644984 -12.085985978757016
0.9999944294204565 -0.0010267576682131542 0.003175987523039705 0.1078478865374013 0.0010251898846471669 0.9999993518686505 0.0004952251803711918 0.14012291824123135 -0.003176493940834064 -0.0004919664313975466 0.9999948339142929 -13.119432884794598
0.9999903720237762 0.0028849911705458153 0.0033064612043207315 0.12394668752520843 -0.002880945364524647 0.9999950964210026 -0.0012277164804547487 0.18169374416299622 -0.00330998694203306 0.0012181789259500969 0.9999937799939297 -14.136008904571511
0.9999773847193089 0.005835029843924024 0.003344021030406595 0.1316382003858756 -0.005839681150506954 0.9999819927488112 0.0013828601437048062 0.15592565928840774 -0.003335891783571429 -0.0014023568865126638 0.9999934525891513 -15.107242267535177
0.9999733673938463 0.006483946517003022 0.00335006575698883 0.15532574142318012 -0.0064963554835554506 0.9999720288927799 0.003706588389416503 0.12961144994510043 -0.003325938731062826 -0.0037282528913584402 0.9999875190530806 -16.143217943566363
0.9999815498268579 0.0051810840010918105 0.0031711787160160886 0.16658065625172114 -0.005199026716228727 0.9999703749313743 0.005676211836314689 0.08956610503424489 -0.003141675839297064 -0.005692594152090021 0.9999788618989606 -17.150580490095777
0.9999918678457108 0.002991267543077613 0.002704914219012409 0.1808240193934605 -0.003000863265876592 0.9999891945318428 0.0035504421155331768 0.14257105768600864 -0.0026942646688841772 -0.0035585303205072803 0.9999900388503138 -18.143796126617193
0.9999928976727713 0.0031722213416962614 0.002035096010920131 0.2191982420590275 -0.003172432162824873 0.9999949627870328 0.00010037297044544328 0.21339180674624636 -0.002034767354429138 -0.00010682846160324186 0.999997924152592 -19.152323433260932
0.9999838851640002 0.0055535377385728365 0.001177977460725097 0.26139338022497327 -0.00555111592540435 0.9999824925681848 -0.0020493094209664397 0.27425860559966075 -0.0011893377545723735 0.002042737307239209 0.9999972063460973 -20.113361961620782
0.9999468768206999 0.010166616111903759 0.0016980734262903713 0.2563350814393335 -0.010166113794705797 0.9999482774629593 -0.00030418608373526 0.2434667041362628 -0.001701078140764602 0.00028690711671995926 0.9999985120076257 -21.102042490176814
0.9999356190176856 0.011126336142624203 0.0022276588067477723 0.24637058432904624 -0.011130432065029392 0.9999363714892673 0.0018347901579645934 0.21709247935884912 -0.0022071025720867858 -0.0018594668373844532 0.9999958355319871 -22.120774038973785
0.9999382477233959 0.01099005183000611 0.0016490908520797487 0.26833113731555436 -0.01099843335435785 0.9999261884694762 0.005162564929884118 0.13666754025202144 -0.0015922322740047855 -0.005180383545578462 0.9999853141035154 -23.11540377467044
0.9999660556565467 0.008159497685157655 0.0011446100706994822 0.29738136360006706 -0.00816660977204385 0.9999464718859109 0.006352940087101537 0.10577717059300973 -0.0010927120019463801 -0.006362072024509837 0.999979164792965 -24.130375275428158
0.9999678342220643 0.007990123872433844 0.0006988860689658262 0.32939482998567193 -0.007995840259680734 0.9999310551702447 0.008599502582284922 0.05340111657790558 -0.0006301267935110118 -0.00860481415396167 0.999962779364112 -25.12034727610122
0.9999695617145306 0.007662981970067293 0.001467771023024295 0.3144126547664623 -0.007674346728751821 0.9999393421668226 0.007900404373766498 0.08607899692167154 -0.0014071413349420242 -0.007911428082751948 0.9999677141082881 -26.149505692349344
0.9999606911512012 0.008796322014576684 0.0011139440865007384 0.3575320016227046 -0.00880345289081737 0.9999396844134444 0.006567096187848336 0.1251817556946766 -0.001056110605540758 -0.006576644597145755 0.9999778159420496 -27.15419629670125
0.9999643018646023 0.008150123559524032 0.0022294578720291436 0.32998326768854014 -0.008161813974077494 0.9999527216537377 0.005285759163561066 0.16911789805786448 -0.002186272876658983 -0.00530376689222931 0.9999835449984473 -28.182484990143355
0.9999808774967978 0.005897221918177693 0.001862099455464467 0.3707973339580519 -0.005907215427010188 0.9999679302934831 0.005407697334966245 0.16012809851329424 -0.0018301493472307909 -0.0054185937488865875 0.9999836445638255 -29.166333581458503
0.9999888756166804 0.004365073477219642 0.00178739375232081 0.4079476295875226 -0.0043758096511208 0.9999721401625098 0.00604741173618813 0.14205420106326105 -0.001760946559245878 -0.006055165757293644 0.9999801168197632 -30.215860120131627
0.9999934405771735 0.0028689570832099182 0.002210856820674259 0.4115255467056187 -0.002881265092921243 0.9999802576098129 0.0055841473902894035 0.16584618477197255 -0.002194792493867199 -0.005590480826088402 0.9999819645423821 -31.233993026633478
0.9999915523756879 0.003267499157150686 0.0024937174097723665 0.4320877548427102 -0.0032814393032643387 0.9999788986525099 0.005606639440204756 0.16626992646730931 -0.0024753450993294434 -0.005614775059740774 0.9999811733066116 -32.25476169845784
0.9999851848433138 0.004291388086223373 0.0033487433728201887 0.4266282222197475 -0.004310191274251809 0.9999748728879024 0.005628129707349 0.18335411926665168 -0.0033245067397962365 -0.0056424800501907735 0.999978554806962 -33.27732887428111
0.9999721862166091 0.0059767425351899195 0.004461540299425522 0.40615994144177137 -0.006003787375823625 0.999963534766306 0.006073193132172927 0.17964912866309124 -0.004425079696598386 -0.006099810353021077 0.9999716050885324 -34.29947370495959
0.9999481992540279 0.00862256662576936 0.005408341096031152 0.41249886048245266 -0.008655835175841611 0.9999435737411351 0.006158396805644728 0.16282497292793874 -0.005354934736811841 -0.006204891505198179 0.9999664114335907 -35.34073839027791
0.999940578506675 0.008902895542197399 0.006291097416264729 0.42751168286712193 -0.008936242256307656 0.9999460648397891 0.0052925405767839245 0.19213254172515182 -0.006243639169009731 -0.005348444856689141 0.9999662049827195 -36.39477660580428
0.9999324461348471 0.00886091787569223 0.007522453135870643 0.41895547207949324 -0.008904483381112757 0.9999436620533655 0.005777793265617585 0.18567197660394008 -0.0074708327846779495 -0.005844386512283998 0.9999550138900242 -37.416407533072274
0.9999008138821595 0.011155364449557696 0.00859768816558638 0.4216149760970769 -0.011204383913886154 0.9999211275313437 0.005674548224884979 0.18172676169514057 -0.00853370839116084 -0.005770317187455159 0.9999469382225493 -38.45367865107434
0.999870444195684 0.013144406535698074 0.00929082346994632 0.455598291612211 -0.013189133614833676 0.9999016452025858 0.00476934750802099 0.20748766580179057 -0.009227219430330677 -0.0048912675235054815 0.9999454654747918 -39.47582399374763
0.9997995373572085 0.01726959636880808 0.010131443212612147 0.45706992364847565 -0.017314569881936963 0.9998405495094312 0.0043682063232008276 0.21620019768615162 -0.010054390588964374 -0.004542752242526669 0.999939134463667 -40.5009077496627
0.9997136325958795 0.01973559037359467 0.013533634935098978 0.1607280865297227 -0.01977594339838729 0.9998003624312842 0.0028543554397762725 0.29076112626843775 -0.013474600723384583 -0.003121178443869501 0.999904342115018 -41.26449956797056
0.9996231477635007 0.023063062256516057 0.014888170295321523 0.08432512602963271 -0.023117032330909216 0.9997267673800612 0.0034631488597624267 0.28730277364277823 -0.014804231543789351 -0.0038060140784343254 0.9998831676677193 -42.20778898269914
0.9995764807794396 0.025098502988977537 0.014728347507541834 0.12992259662518002 -0.025144376836033367 0.9996795135641766 0.0029377667740417977 0.3100172884953203 -0.014649893723784366 -0.003306857693249152 0.999887216292957 -43.19657908365769
0.9994902131728817 0.028430366240036784 0.014526804434727777 0.1599315165194497 -0.02845741140407156 0.9995936301612725 0.001658395968588035 0.3870228137000775 -0.014473752374794454 -0.0020709457903546427 0.999893105124606 -44.16877991155544
0.9994041372884953 0.03114813125304256 0.01487159339417389 0.1384662935002332 -0.03116679033849122 0.9995136725187456 0.0010245135852567696 0.4151343183356744 -0.014832449245992158 -0.0014874029491293937 0.9998888868678519 -45.12835713364152
0.9992694764174354 0.03551459040099114 0.014114792562221071 0.23315386301817398 -0.035535878582950556 0.999367606643787 0.001260208080793366 0.39145167459832386 -0.014061110687371 -0.0017608690237860295 0.9998995872118953 -46.14661531431251
0.9991230364032256 0.039539806532110325 0.013775406629277318 0.28530771599894056 -0.03957415759819943 0.999214147914347 0.0022299457837247666 0.3329812216538457 -0.01367640957238141 -0.0027731403153759614 0.9999026280163482 -47.107958815238696
0.9990477884849713 0.04130285587592646 0.014056685945859088 0.2718231953636936 -0.041338865106329704 0.9991425806265586 0.002280747820697949 0.3339949395157813 -0.013950432072475105 -0.0028596635105181127 0.9998985987436916 -48.05236537719499
0.9990672371735955 0.04140391753668753 0.012262594298672326 0.43979336918840417 -0.041436202489222536 0.9991382922121114 0.00239043065946628 0.3344398054724893 -0.01215305433176373 -0.0028963162950110047 0.9999219542655959 -49.055954444644115
0.9991026857946594 0.040446182222486686 0.012567003681208996 0.4098896500333975 -0.040455083499717694 0.99918125451548 0.00045480094811750253 0.43968977360608275 -0.012538319541668539 -0.0009627920320307241 0.9999209286611487 -49.92816518625936
0.9991226514570788 0.039965552018451 0.012517267962181743 0.41790116628541707 -0.03995390103383161 0.9992008278529267 -0.001179580520645193 0.5247543009199349 -0.01255440709692671 0.0006784319320191864 0.999920960172632 -50.84323780538467
0.9992609652016847 0.03712997969344877 0.009944246183677358 0.6703411155154617 -0.03711348759003378 0.9993093669939728 -0.0018379545723093843 0.5703574904546445 -0.01000562157499018 0.0014675306025925745 0.9999488656380527 -51.838214681408374
0.9993011773171622 0.035985370175547315 0.010109903355745029 0.6893432783981108 -0.035970245570210266 0.9993514593631363 -0.001673948143898305 0.5575844663904395 -0.010163584316196914 0.0013091226445682128 0.9999474924973556 -52.78997459173317
0.9993620350405971 0.03443998110626541 0.00945571895292103 0.7538309606319569 -0.03442515225379124 0.9994057873324168 -0.0017265974560810539 0.5810705113250472 -0.009509564228703657 0.001399981382781714 0.999953803053075 -53.69740426534181
0.999351621794926 0.035150415399960486 0.007796429507239242 0.9328672770537212 -0.035134532028915935 0.9993802466757442 -0.0021649973297139147 0.6141704106012567 -0.007867698199614054 0.0018896696903980023 0.9999672637009178 -54.6563960724447
0.9992586271467568 0.0377090474999604 0.007760400081476006 0.9600779466551597 -0.03768574887846626 0.9992847474891952 -0.0031269421044776697 0.6684060705678023 -0.007872763444180255 0.0028321673858208132 0.9999649985992763 -55.55051667725833
0.9991090410227104 0.04146659456992516 0.007851476386865171 0.9818736707031608 -0.041443884089458274 0.9991362280669392 -0.0030335187074960975 0.651011673356614 -0.007970484192293133 0.0027054202894625187 0.9999645754139482 -56.4348363795702
0.9989325408917206 0.04557339726989981 0.0075395098574737186 1.0626091920161933 -0.04555316433463159 0.998957895886263 -0.0028339840493816497 0.6412424352359785 -0.007660807184174714 0.0024875103557553432 0.9999675616366347 -57.350263764665684
0.9987913219523898 0.048699450489131026 0.006652722349095064 1.204177290446058 -0.04867548442378095 0.998807725461775 -0.003718168095428063 0.6988936380550417 -0.006825863220701923 0.0033898495441946784 0.9999709578339563 -58.274712593225956
0.9986028378512499 0.052374186122282125 0.007022596632212339 1.2261638769384842 -0.052342788576121145 0.9986186616356854 -0.00458269757107757 0.750141119894919 -0.0072529111055969035 0.004208712508716821 0.9999648403916576 -59.163240379525945
0.9983548245341042 0.05694054054659448 0.006739374729126616 1.3274438560370125 -0.05690972579148423 0.9983683629366341 -0.004679209074553234 0.731174579051272 -0.006994815209570253 0.0042879749867433285 0.9999663423489298 -60.076281110615305
0.9981337746171497 0.06074504836935355 0.0062455637956778595 1.4532613336176352 -0.06070807017876743 0.9981378350509584 -0.00594915581873696 0.8166956418061515 -0.006595315283656544 0.005558897227927522 0.9999627995470224 -60.975826499185175
0.9978728555376135 0.0648360978188747 0.0067856172033551225 1.4919738432206824 -0.06478402742673642 0.9978701286322472 -0.007631262925250364 0.9080206936158053 -0.007265946021064251 0.007175430515568409 0.9999478582532867 -61.858103207787124
0.9976114979565707 0.06877336636942166 0.006443851570644345 1.6094917336175953 -0.06871299413874687 0.9975943802181115 -0.009163896209063199 1.0151961663070148 -0.007058582105191707 0.008699231889037436 0.9999372479226909 -62.75315574883676
0.9970179369285073 0.07688306106460499 0.006650440899624073 1.6839969882168706 -0.07680644627826363 0.9969842693741106 -0.011096685571608504 1.1134149429801194 -0.007483532115744107 0.010552797823665699 0.9999163141009179 -63.63063284073371
0.9967187730740544 0.08071181444451868 0.006106587494272588 1.823514621190803 -0.08063706083935714 0.9966756609110765 -0.011631481705209097 1.1592703466230043 -0.007025085119871098 0.011100898906952804 0.999913705387878 -64.54180354425523
0.9959967926238471 0.08922311593243377 0.005442854611029374 1.9622852667044839 -0.08915018663609457 0.995940684292471 -0.012425682830101375 1.1636506378965286 -0.006529418485502813 0.01189070874053578 0.9999079846365309 -65.39513356118431
0.9956345362290179 0.09328396841646194 0.003157768912534553 2.261910968268129 -0.09323550212521337 0.9955586814505893 -0.013040434495186716 1.2036928057722611 -0.004360207734474499 0.012689090780684564 0.9999099837303715 -66.28235695413493
0.9953324691723023 0.09649474057408874 0.0014285842317090076 2.508503337810799 -0.09646850221713266 0.9952526101090964 -0.012886820826491382 1.1825291460660843 -0.002665312617846138 0.012688857811888738 0.9999159409650787 -67.1644909900422
0.994865538169873 0.10120026118651042 -0.0010334881475141853 2.8233371445483773 -0.10120506094097466 0.9947776121030696 -0.013230196462955798 1.1934554994788704 -0.00031080846607898745 0.013266860755162618 0.9999119430248848 -68.04481230156608
0.9945402601803843 0.10431311130524998 -0.002906146959817409 3.046688277990885 -0.1043443768702077 0.9944367571498192 -0.014414820322143466 1.2835350426813363 0.0013863246018126988 0.014639359247253451 0.9998918777872576 -68.8493779928009
0.9943451542605662 0.1060454223417288 -0.00566415032420211 3.372078481716434 -0.1061205415242062 0.9942368663015064 -0.015214609872414374 1.3283034422221003 0.00401806733891055 0.01572965630027904 0.9998682078391807 -69.68236641554584
0.9936323233681559 0.11247115373851926 -0.006711597032523435 3.542673032231475 -0.11259689157473426 0.9933769603334541 -0.02289442478802973 1.9629599285720367 0.0040921834890617036 0.023504345457671827 0.9997153593793077 -70.53072522169164
0.9948037567264695 0.10126798198227797 -0.010501496471470778 3.8802437260785023 -0.10143547630296292 0.9946989486223421 -0.016877374108500313 1.511020301733133 0.008736689882005443 0.017854899463291683 0.9998024168879877 -71.23121832373297
0.9945197993596462 0.10370940059157664 -0.013218506367398512 4.168924081830397 -0.10392921764049455 0.9944360366797893 -0.017195542248719622 1.559398058639776 0.011361619703360491 0.018475096252216577 0.999764764540233 -71.98934841258335
0.9943867993363588 0.10443712554079201 -0.016964083068911923 4.606030738362209 -0.10471545883389627 0.9943663096544006 -0.01644125620186161 1.5603970802315343 0.015151435139902502 0.01812536987389567 0.9997209135454433 -72.78783112670361
0.9943809593194667 0.10422439084411998 -0.01854141569755021 4.769105576117209 -0.1045370272063247 0.9943795112283749 -0.016774909599825943 1.6527737349439655 0.01668884914430506 0.01861891517759083 0.9996873602841282 -73.55409495101782
0.9939395750860847 0.10809924327412672 -0.019966839540963913 4.881989979443507 -0.10846459764275328 0.9939333091667066 -0.018221086331931362 1.734199850324301 0.017876021254436596 0.02027635402337479 0.9996345919042766 -74.23480810662323
0.9937854106426713 0.10858422932449512 -0.02449536151565268 5.356797706042767 -0.10910757591447438 0.9938050143971473 -0.021145454290534892 2.0225491407981613 0.022047550245872467 0.023686673491466626 0.999476286375552 -74.95910428161682
0.9937396695532659 0.10783892988577898 -0.029193053236274386 5.809116088119816 -0.10851315298221528 0.9938384007951705 -0.02258602963684609 2.1694165143582755 0.02657752407626124 0.0256124638796855 0.9993185862916728 -75.65455352547382
0.9934068170957097 0.10973951922814978 -0.03316826295339978 6.184497363188847 -0.1104140579748851 0.9936995410442989 -0.01923429046958569 1.8749085243211019 0.030848525885203065 0.02276971778314838 0.9992646838564774 -76.34000978439036
0.9936311132274365 0.1062847599554137 -0.03742673680172286 6.612962960413555 -0.106965885168403 0.9941226480424896 -0.016687122553880433 1.708662158854206 0.03543317988193227 0.020584228190736006 0.9991600368876081 -77.06681945801924
0.993681117059424 0.1041546123656171 -0.04182886948631781 7.035475280974412 -0.10478970838810461 0.9944056905587068 -0.013283056892057561 1.4399078859150152 0.04021137420520918 0.017582357846138968 0.9990364888616926 -77.75567400691504
0.9939159756918434 0.09977617962664616 -0.04664490587022443 7.503102230383109 -0.10052702670287615 0.9948353658931711 -0.014032521885946878 1.5488435142141093 0.04500389057415017 0.01863622137965723 0.9988129660181021 -78.43807178518226
0.993798748306768 0.09831073560686356 -0.05195235440611505 8.007071672709209 -0.09928318835834037 0.9949228229980908 -0.016474974564836774 1.7597954689572683 0.05006891623855582 0.021530804489082202 0.9985136594382419 -79.09831638002666
0.9937296739624121 0.09636833329451365 -0.05669637929000181 8.476787267665134 -0.09758044537258782 0.9950461180937633 -0.019007355087433703 2.0026317440889514 0.05458380499237497 0.024420630716054825 0.9982105193935719 -79.79757920563664
0.9934863291247887 0.09615636918656938 -0.06114627140724169 8.919708217211328 -0.09747452121782592 0.9950576719084618 -0.018945904292681455 2.0042373609002135 0.059022297104632374 0.024782700437361797 0.9979489897803016 -80.47086247755053
0.9931666581458982 0.09556529964669065 -0.06698703345235466 9.501678564833982 -0.09700396363310874 0.9951109989611459 -0.018556152241693106 1.9885773357211132 0.06488620952694932 0.024927359466830907 0.9975812781739822 -81.13333671140613
0.9931306162031751 0.09118565520796422 -0.07332636254578528 10.123508877754876 -0.09273025897803962 0.9955296954342878 -0.017936682479765098 1.9803054422083999 0.07136300322833519 0.024613041112558097 0.9971466892977302 -81.79389763848856
0.9930324454455433 0.08720325710841349 -0.07926004190087214 10.71438146077746 -0.08888682418174172 0.9958797909064464 -0.017960360548074185 2.027068773310689 0.07736727201684322 0.02488039416521807 0.9966921647162955 -82.44777628160988
0.9927951317022601 0.0848851643917617 -0.08457148062128036 11.241650891229215 -0.08645587081977917 0.9961415457962995 -0.01507989188796153 1.7810207738400885 0.0829651063344444 0.022282944256595483 0.9963032979601 -83.14300630647156
0.9924649532388627 0.08135903568011725 -0.09161890583162112 11.959651004435097 -0.08291453278598644 0.9964679709006108 -0.01329523305929869 1.6580154917483538 0.09021361784932268 0.020791591627888805 0.9957053845752344 -83.78634748049676
0.9917159932332749 0.0826362804734574 -0.09833938130195412 12.631440124459699 -0.08433513291137258 0.9963494982851611 -0.013238679077952415 1.6580212837639636 0.09688639802449135 0.021422474563410603 0.9950648739963741 -84.38681418801427
0.9912648231590074 0.0811773505535425 -0.10394367765597327 13.191468485035355 -0.08304016055291363 0.996451836021252 -0.013713869812065255 1.7150649607905641 0.10246161282591608 0.02222557641509484 0.994488633243301 -85.03602190965739
0.9905036468327129 0.07964221881419659 -0.1120698112492751 14.028248286212568 -0.08176130648126201 0.9965474128037717 -0.014434084542710682 1.8149109460680797 0.11053331793433897 0.023459987563095787 0.993595498485156 -85.66490804560323
0.9895936887562375 0.08150863023153475 -0.11857771448127045 14.699106739339191 -0.08387136501997684 0.9963626997216557 -0.01506534875333434 1.8699036342109767 0.11691845578653766 0.024853848819704545 0.9928304794351042 -86.29699162288956
0.9886987167725353 0.08343404345601864 -0.12455363441072807 15.309972218813776 -0.08613808463313859 0.996146976505687 -0.01647518055478235 2.022336321445946 0.12269913540068798 0.02701780137534543 0.992076086084513 -86.91741381093851
0.9873861033061944 0.08613263241211395 -0.13285274792629992 16.182140685610577 -0.08880776958541824 0.9959456582922969 -0.01433268258166198 1.7922909610238322 0.13107960580911354 0.02595024783086028 0.9910321496189941 -87.4941897578885
0.9862710737723759 0.08637173293814057 -0.1407454894095982 17.00570017353478 -0.08918441363709595 0.995919681429163 -0.013788709375494208 1.7585993788313279 0.13898024825165683 0.026151709146765012 0.989949785951091 -88.10129321415026
0.9851475723153335 0.0846951764634885 -0.14936863072621176 17.921267091294354 -0.08768253502318633 0.996056755660728 -0.013517120792998608 1.7611311820489208 0.1476347987877945 0.026413378928932137 0.9886891825040083 -88.636681259405
0.9838065975118786 0.0873524803632272 -0.15650598348463388 18.67525344815304 -0.09079494320484392 0.9957570954712262 -0.014969472506955968 1.896204676481656 0.15453432298531497 0.02893701769532154 0.9875635635372394 -89.21508379122575
0.9823128555685873 0.08744470969487894 -0.16557438368016367 19.632839929227 -0.09073559309873269 0.9957977891765118 -0.012402226259527246 1.6534950495893406 0.16379409613813592 0.027206356197580713 0.9861193174523768 -89.75709623299284
0.9809349382337484 0.08636921057258824 -0.17408907610019675 20.533417657198243 -0.0900092980534503 0.9958546518956776 -0.013108720824858212 1.7574805567813208 0.17223522640934208 0.028528437791208144 0.9846426534641468 -90.29592231852993
0.9786378923260672 0.08816326650258731 -0.18572860345995867 21.7522140937953 -0.09324793019815929 0.9954653306867306 -0.018804225974957886 2.367283723399988 0.18322854367524732 0.03572133592619169 0.9824211352278086 -90.71949493146693
0.9772609704202637 0.08641932376144085 -0.19363030799402192 22.57941748818071 -0.09009734339829689 0.9958801841293996 -0.010253173701953366 1.4851790113977446 0.19194651444038752 0.027465602833513854 0.9810209866537911 -91.30202961559853
0.9751101579584439 0.08686610448483273 -0.20399622481283466 23.65311442296626 -0.0892365486112506 0.9960074911600719 -0.0024322715660608837 0.6931047193298109 0.20297048612596455 0.02057565174300159 0.978968653388422 -91.7942530583967
0.9724732684625925 0.09170404718174652 -0.2142104335838252 24.70818802254977 -0.09426388395748866 0.995545719399776 -0.0017437792382253466 0.6499951942213478 0.2130963685916104 0.021888086149103248 0.9767859793106154 -92.27835685952125
0.9701523762965402 0.09867363496286385 -0.22151270963398878 25.453338304404976 -0.10199968926899719 0.9947779257421794 -0.003597477604532752 0.8316973412266034 0.2200009776232923 0.026084328998511486 0.975150848651373 -92.84827073474564
0.966596444276718 0.10204820087131766 -0.23511163010479266 26.85684941671033 -0.10323466902793046 0.9946303125434248 0.0072900260947853625 -0.3192065164722441 0.2345930881810018 0.017225158016581456 0.9719410357161614 -93.23171302603565
0.9628799960283769 0.10595573720552288 -0.248264969340475 28.21347783820432 -0.1059732953679464 0.9942795873580383 0.013332772854402666 -0.9076836826586039 0.2482574750480855 0.013471596652337828 0.9686004037612136 -93.58121119848221
0.9590948535245898 0.1067648191925726 -0.26217996743729866 29.62474421218718 -0.1060353326467874 0.99421752454662 0.01697121430175403 -1.2249103664832517 0.2624758468376297 0.011523335765662652 0.9648697541946794 -93.93580686205375
0.9548436701313173 0.10161861500128065 -0.27919029835468423 31.353635099588494 -0.0994777380704319 0.9947995309136064 0.021864878743301324 -1.6952991152875154 0.27996025653393486 0.006895678305302941 0.9599868251086382 -94.13045573609506
0.9548341625222642 0.1017559695458642 -0.2791727865358439 31.343692840915487 -0.09941748572020374 0.9947899948558883 0.02256168583450879 -1.753916602400097 0.28001408109857556 0.0062119881200131035 0.9599757942730205 -94.86352050818968
0.9533614013251032 0.08184183806044859 -0.29052358253044264 32.51276837664891 -0.07982558304031104 0.9966314360927693 0.01880576730524073 -1.1552076314950264 0.2910840338385292 0.005262521691334394 0.9566830149583185 -95.35056867657107
0.9504058089029227 0.0785312166127165 -0.30093462150591405 33.56334450099243 -0.07663624500358021 0.996894521699264 0.018116251205672406 -1.0007237628426187 0.3014227668165303 0.005844709002371278 0.9534726818432425 -95.83649927845435
0.9488045830786597 0.09201872081047126 -0.302162900021388 34.16147360473249 -0.09058520545915756 0.9957115072424172 0.01878602930254183 -1.1927244147467952 0.30259574299856395 0.009547217680470638 0.9530711762264709 -98.01851820331005
0.9472632760712433 0.09019623225949215 -0.3075010983605868 34.8248822915835 -0.08877863405486279 0.9958772073513331 0.018626379504958594 -1.096455060825611 0.30791336434479144 0.009655442211609558 0.9513654042971974 -99.21958806708152
0.9462193600961603 0.0876818794375878 -0.31141742179509685 35.341804619189226 -0.08690455827966893 0.9960816268904775 0.016400924407947708 -0.7702922528271676 0.3116352360203008 0.011544721283422479 0.9501316746015046 -101.61470110553158
0.9444949629733846 0.08281370944800438 -0.31791689864706213 36.36666415357461 -0.08214687738142364 0.9964992644049872 0.015527606924469015 -0.6049559871213166 0.31808985437197806 0.011450133963451067 0.9479914234727194 -103.10011792784194
0.9430418991172692 0.07716456778297007 -0.3236009981260282 37.37103387656924 -0.07612746910841464 0.9969715967890711 0.015882180045482988 -0.5590782601064568 0.3238465453829045 0.00965736375607668 0.9460603312521042 -104.97859597916383
0.9414964298860845 0.07163929082616671 -0.32932094455360894 38.268859821852224 -0.07090634103887761 0.9973811508676986 0.014252392581715817 -0.22695307788374386 0.3294795339808463 0.009932366472743138 0.9441104727647159 -106.71688657659058
0.9394937749617099 0.06996319455931091 -0.33534549082290016 39.34076707612451 -0.07004649957543171 0.9974731877009893 0.011862871273689214 0.09205902077401973 0.3353281000832243 0.012344684065746112 0.9420205274142873 -108.57917196447569
0.937850185458154 0.06726826078385276 -0.3404585301137593 40.24412349322459 -0.0676965567234977 0.9976492695733264 0.010635371530441957 0.32852770780149143 0.3403736268336433 0.013073485033603399 0.9401993821233813 -110.39230309235298
0.9357812276304649 0.061773389148657314 -0.34712755927397715 41.4872727590951 -0.06118083839548454 0.9980461804487176 0.012677803632781136 0.10678531823927173 0.34723248555923675 0.009373904459418271 0.9377322277108429 -112.2471819190571
0.9343094794013506 0.0576448176036081 -0.3517710501224114 42.3867589484793 -0.056973578292376405 0.998300296829712 0.012269014885939077 0.27254707731030337 0.35188038887857864 0.008578598554291505 0.9360056621460708 -114.1821860963999
0.9320774195504898 0.049698099305127405 -0.3588339210408596 43.67593308642519 -0.048428567759820476 0.9987480347518837 0.012531436628836441 0.2364991080035157 0.35900746202388695 0.005697543743382973 0.9333172987823913 -115.92845999004832
0.92945260609693 0.04212327041970869 -0.3665289662615672 45.06700729315473 -0.04182742254903414 0.9990865096686428 0.008752880727708677 0.827109841644539 0.36656284555656965 0.0071955741450588275 0.9303654679587982 -117.71827450433811
0.9263559134308608 0.035207765636534445 -0.37500017985403467 46.63643684804887 -0.03598104179087964 0.9993402525302534 0.004942095144000734 1.4420167278013398 0.3749267745618049 0.008914758081532385 0.9270115645476217 -119.52912985859474
0.9234208138999702 0.03462931721825519 -0.3822235090170592 47.96426342368245 -0.03723907763005888 0.9993062223075136 0.0005702234197746819 2.1575963291451945 0.381978077320648 0.01370709474992662 0.9240697289706754 -121.24285616313523
0.9201336982369404 0.03181326842530277 -0.3903099964398949 49.51334868544043 -0.034781438651151395 0.9993947984955834 -0.0005369034629019486 2.4830838735685 0.39005669958887684 0.01406956616502152 0.9206833431825302 -123.00147739597932
0.9170011676811427 0.029777025679657065 -0.3977715263981244 51.02017602065956 -0.03302107580075117 0.9994538019182065 -0.001306286417059827 2.7609677048255783 0.39751536702922796 0.014332709894342838 0.9174835728244418 -124.7131993195114
0.9139222606352988 0.023446605224202183 -0.4052114981324265 52.49190196469446 -0.0243340639268745 0.9996994956683057 0.0029617044649694526 2.143464834992356 0.4051591722373663 0.007153674859500511 0.91421817422754 -126.48193949321028
0.9106909778448389 0.018814898725188694 -0.4126595963478521 53.94694692006589 -0.018953609744158818 0.9998133040886251 0.0037573454795397664 2.2371611643141645 0.4126532485630974 0.004399608317496333 0.9108775658105623 -128.23432924732958
0.9070669549735974 0.007918782187703484 -0.42091190537164624 55.460665341285846 -0.008071110542919115 0.9999664205530612 0.0014194861402855882 2.5924023627525123 0.42090901198421726 0.0021096575461891937 0.907100409533315 -130.06336283625814
0.9023662122672786 -0.002753030767270666 -0.4309612973110219 57.353845518649976 0.002659934864747951 0.9999961273130848 -0.000818599626150535 2.932025555845426 0.4309618819628018 -0.0004076523360617263 0.9023700405679773 -131.73857539356862
0.89705006737197 -0.01017206950342904 -0.4418118441485713 59.36607473624494 0.008231378182485104 0.999946216547341 -0.006309391878391197 3.877866881324316 0.4418522615548787 0.0020231200348989247 0.89708555107312 -133.28787892129841
0.8918117869989582 -0.014564495723277051 -0.4521721044403906 61.28484946060989 0.010987113276054289 0.9998841246535185 -0.010536631706874605 4.624156315811167 0.4522731695685518 0.0044286262196993045 0.8918684697634637 -134.8617533323171
0.8858724549523964 -0.021002690654030043 -0.46345321289414476 63.39116654884522 0.017287047971820957 0.9997753492488718 -0.012264134976274828 4.975306799888913 0.46360667761480134 0.002852721435304499 0.8860365175608611 -136.40736313928312
0.8793088371828873 -0.031057760193408047 -0.4752382396060394 65.52432439802534 0.02954750922702847 0.9995066446780053 -0.010649504354392528 4.530056861452092 0.4753345280437318 -0.00467790297936123 0.8797927049442718 -137.98344239422244
0.8757516481059245 -0.03281412511801807 -0.4816453924128164 66.64759277710161 0.03145989184732208 0.9994456932248593 -0.010889513268971583 4.7808352225469894 0.481735742959469 -0.005616002761695006 0.8762985418613162 -140.47982171384757
0.876767623187984 -0.024308509570644787 -0.48029952247711794 66.41509575761553 0.02399323010123464 0.9996890163791413 -0.006796722755463875 4.2524489676908095 0.48031537539267133 -0.00556479050453085 0.8770782024814194 -142.81326859725553
0.8734778920339836 -0.03663609902617581 -0.4854834377978436 67.12690135187651 0.03422797794103414 0.9993183699957364 -0.013828988217958173 5.775948524853343 0.4856591579018525 -0.004537800922097116 0.8741364828840259 -144.81488535842817
0.8710177355845087 -0.03249523717767594 -0.4901756459250107 68.09367792310738 0.030403495946597938 0.9994628592944491 -0.01223193873387586 5.427838490259848 0.4903098323830148 -0.004248817686213092 0.8715378453152848 -147.3888122736339
0.8688874015503395 -0.03712738104032205 -0.4936154788944386 68.67597300754252 0.035206193220366416 0.9992930206303193 -0.013190256952102797 5.718807748286281 0.4937562226301856 -0.005917473837627404 0.8695802298335397 -149.75404377316482
0.8560417887331611 -0.043085915056420135 -0.5151078138276304 72.85042635103053 0.041770412345537314 0.9990270866700102 -0.014146121451323627 6.0213890157207555 0.5152161571564051 -0.009406594675160774 0.8570086507040658 -147.96212732143798
0.8475430419253506 -0.061225321911679884 -0.5271833191981082 75.1016636940258 0.06422600909284275 0.997855418585894 -0.012632630556468051 5.368027721030505 0.5268261685223404 -0.023152182523064654 0.8496576749517945 -148.66756875874793
0.8401094731878109 -0.06741423699821167 -0.5382112909536995 77.22947606367008 0.06587522229754358 0.9975825089327652 -0.02212674758428515 7.20156462016116 0.5384018277711805 -0.016865898178229394 0.8425194438891566 -149.41368019574682
0.8321938039661912 -0.07757956400137186 -0.5490308587772071 79.60391449826224 0.07147330478013333 0.9969118924941316 -0.03253068255624354 9.148434063630212 0.5498591086306442 -0.012169217440984727 0.835168767856406 -151.06462733632452
0.8268524183991409 -0.08144801371734209 -0.5564901609633287 82.04454085176295 0.07355121246769511 0.9966203280526256 -0.036580607660466634 10.165615316452257 0.5575888246118496 -0.01068376215462867 0.8300485286380547 -154.73639860211858
0.8193057161402624 -0.08334773776586171 -0.5672665141793626 84.73838572393417 0.07906535120696853 0.9963493203010514 -0.03219785977595142 8.982039757468959 0.5678792246053826 -0.01847123560962447 0.8229046115538806 -156.7317370058368
0.8122945128844192 -0.08493406923037855 -0.5770301796455998 87.35653113680505 0.08238497921589588 0.9961292363180005 -0.030647344943949825 8.67760526245815 0.5773996359000068 -0.022643949224600935 0.816147604313125 -159.18979148328881
0.8054357879165639 -0.09007027076072838 -0.585799059292786 89.733938643801 0.08683349912304691 0.9956527650409447 -0.03369740192313299 9.394051654907173 0.5862875872583964 -0.02372588863268208 0.809755486079173 -161.63256812497863
0.805652494072744 -0.09028844109667927 -0.5854673826941162 89.67310110665333 0.08744193422991627 0.9956158111764652 -0.03321241746034453 9.3128156757738 0.585899280535911 -0.024436733410188385 0.8100153573406746 -164.0803380916301
0.807988525319059 -0.09967561325364444 -0.5807058765633789 88.47241403730379 0.08870930595342016 0.9949316455999506 -0.04734637917557008 12.171675155587314 0.5824819327584289 -0.013258684183743954 0.812735507593781 -161.8651997378505
0.8083276035281681 -0.0950266879968865 -0.5810132648595477 88.64761482561717 0.08344489744192042 0.9954169612111323 -0.046712122881563956 12.224866914236676 0.5827893568565884 -0.010723893954032417 0.8125524990012317 -162.87525131160692
0.8067784655790542 -0.09806353196289459 -0.5826594641614166 89.12309786824879 0.08516180863174659 0.9951335405329749 -0.04956513751494758 12.81791405824022 0.5846845079429389 -0.009632248193866353 0.8112035786202222 -163.78404109857746
0.8071347117204323 -0.0919805940279638 -0.5831578923912782 89.30083210678336 0.08057266843210995 0.9957081931005691 -0.0455328375365411 12.175108176837174 0.5848432287696456 -0.010235453808341156 0.8110817673007039 -164.54205152193518
0.8056470813043272 -0.09394930970709163 -0.5848985446993178 89.77172395588971 0.08054334602622142 0.9955475249263875 -0.04896830631994793 12.95664301112867 0.5868948370847364 -0.0076585128128682095 0.8096269495173539 -165.26652658283774
0.805151745149791 -0.09156672168051669 -0.5859575093493801 90.1193501866825 0.07830880450595123 0.9957726676217282 -0.048005474212383256 12.840914385159696 0.5878761760941624 -0.007233940709591016 0.8089185816154277 -166.14699738317125
0.8042857371209217 -0.08963283290220808 -0.5874439618634107 90.56399539176935 0.07699648124809372 0.9959443628919932 -0.04654425742316382 12.590312609842375 0.5892333959809707 -0.007796235603586749 0.8079252587777819 -166.95469606588938
0.8033753206334642 -0.08617203755967748 -0.5892049508786329 91.07731653954129 0.07365601582237222 0.996255496284442 -0.04527446803900179 12.467582645415648 0.590900063911194 -0.007026098907194023 0.8067141677223063 -167.760149448025
0.8006594036919359 -0.08522604529652567 -0.5930270149687855 92.09510331445884 0.07360207756279158 0.996324799353459 -0.04381356378714893 12.18711569547167 0.5945815784718818 -0.008568278497126061 0.8039896337301129 -168.31008614862958
0.7991823665822734 -0.08410273671713502 -0.5951758350442709 92.71095793402127 0.07214894374982621 0.9964262565490617 -0.04392317355801957 12.299307456021724 0.5967428884031558 -0.00783868205196292 0.8023942174542056 -169.03961736711733
0.7979263529922376 -0.08338788118240369 -0.596958957108792 93.21280339579181 0.07134042094595384 0.9964881363216179 -0.04383991913225713 12.335361525690647 0.5985182365974836 -0.00760627649892227 0.8010730709604841 -169.76287587044789
0.7962236857535283 -0.07715145322205594 -0.600062909627642 94.07737870545894 0.06719302563982063 0.996976499169386 -0.039025086922666104 11.451364232089258 0.6012594610901629 -0.009247343925698483 0.799000342352797 -170.41110187381062
0.7939674274967662 -0.07308013189803893 -0.6035520014016461 95.01223355039103 0.06485931455310402 0.9972652383871892 -0.03543040530736798 10.806274521607957 0.6044906892499412 -0.011015381351006113 0.7965360431165831 -170.9791604704109
0.7915401123317336 -0.06652504301847441 -0.6074855300509278 96.07829389694605 0.059256264081819825 0.9977281505433588 -0.032050472389564676 10.31048319331778 0.6082375734340425 -0.010628088479060922 0.7936838778747802 -171.48753671299045
0.7893387718338527 -0.06012762350508811 -0.6110065238370663 97.04076896375457 0.053268878561389336 0.9981470553966605 -0.02940888266813451 10.01593397597173 0.6116426488208921 -0.009334060992222152 0.791079101891054 -172.1054790940245
0.7875861830281585 -0.05670751978212643 -0.6135896523763222 97.776936982726 0.0488675267747235 0.9983682413207311 -0.029543519578282298 10.234131295980193 0.6142637618564666 -0.006716540948316179 0.7890721886796112 -172.86217541227697
0.7824770796591847 -0.054266970345116954 -0.6203101770385492 99.54650499046842 0.0465099845465421 0.9985059124420301 -0.028683865774844105 10.196921695549172 0.6209399658143405 -0.006406149223289661 0.7838319463422083 -173.08945741030405
0.7828634781337522 -0.048768650473518985 -0.620279286559946 99.60432396041801 0.0473516797789742 0.9987021279688073 -0.01875841178472513 8.008542845426405 0.6203890658501594 -0.014685990656662058 0.7841566990417151 -174.14451740095242
0.7800444034514072 -0.04148167333300816 -0.624347659098384 100.74918514341239 0.04371285438449757 0.9989749405487752 -0.011758168102677376 6.611649892790627 0.6241954141178049 -0.01812012508413524 0.7810580939093055 -174.73709057164444
0.7755893712133948 -0.03239724153011358 -0.6304058581596864 102.41489083009765 0.037621540303395394 0.9992792067550551 -0.005068200093509733 5.366605688604086 0.6301156615781035 -0.01978599727654232 0.7762491657617171 -175.0426240120483
0.769343661120269 -0.02981074140072714 -0.6381392095704509 104.46124367366743 0.035518743627214196 0.9993615414630195 -0.0038637152847771136 5.208502539299514 0.6378469643615191 -0.019693378120489186 0.7699113071731044 -175.04304892231087
0.764730721980762 -0.01998480498094967 -0.6440400068541208 106.0884137023687 0.03133094914427745 0.9994899118826746 0.006187703166934882 3.2065751029124443 0.6435878296584712 -0.024910311411879316 0.7649667848350423 -175.2477228053877
0.7583905313911075 -0.021686441348154534 -0.6514395598656616 108.07115710521529 0.028020180385892428 0.9996071420685807 -0.000656518565165437 4.853393310327844 0.6511978742190855 -0.017755556514438258 0.7587002496542404 -175.2272744028844
0.7549882829006492 -0.013138805271316913 -0.6556066385255503 109.27364273921219 0.021515651340100878 0.999757268800986 0.004741331775381155 4.052500007185224 0.655385206905176 -0.017685453786528596 0.7550877136427423 -175.73423892081559
0.7465722258707321 -0.008311902037662494 -0.6652524512115208 111.91130344893683 0.015754183651106885 0.9998624392431535 0.005187319945640573 4.174649109525371 0.665117822085612 -0.01435321828885585 0.7466004740614921 -175.36045908694257
0.7457715369539643 -0.005847167865285061 -0.6661761218306141 112.24267470961772 0.01351407575730998 0.9998885014071048 0.006352519994437356 4.079717937436755 0.6660646998796347 -0.013740283177912219 0.7457674035464698 -176.33463186467998
0.7400765414812096 0.003857414327307844 -0.6725115858510683 114.09381614371665 0.007921395939455542 0.9998641822355968 0.014452285933770506 2.5485758724107512 0.6724759952857661 -0.016023028335759873 0.7399454698336694 -176.4297553498738
0.7257684204313877 0.009126114552063098 -0.6878785604579567 118.29265536928429 -0.010590225931276311 0.9999417321394668 0.0020927113148880034 6.141616959349552 0.6878575775691163 0.005765965583105716 0.7258227790732676 -174.959635845308
0.7121358324767346 0.013830826014808242 -0.7019054525749292 122.19063867271363 -0.013427126808632325 0.9998913687624573 0.006079715454226945 5.401466555982793 0.7019132912036451 0.005094990293176461 0.7122441805347232 -173.7754816890653
0.698897492934657 0.008846248636441931 -0.7151671400831511 125.79789733670788 -0.014542283087743708 0.9998925563532303 -0.0018432992156052755 7.259260839643827 0.715073993634398 0.01168844020665619 0.6989510454912335 -172.4134324149938
0.6794669875830162 -0.006985820578503914 -0.7336728229229337 130.54841339558752 0.006587484853064874 0.9999724516644382 -0.0034206659474114408 6.775432034982474 0.7336765076163827 -0.0025088290212947166 0.6794942883856862 -169.69879796045578
0.6640632135281896 -0.018840140808801392 -0.747439025963268 134.29302607869744 0.02193295650388491 0.9997431181430743 -0.005713417940411009 6.733623695715166 0.7473546640368365 -0.012599476968019514 0.6643058477256689 -168.04410626559937
0.6348598929101881 -0.03229463822621293 -0.7719520533789016 140.89662458026885 0.04442124852033271 0.9989990376545783 -0.005260745681106311 5.745627004404112 0.7713492523195699 -0.03095123756919044 0.6356589902132874 -163.56401141611275
0.7013532561905543 -0.02600397866106073 -0.712339387598848 124.80544286867877 0.010534964815018437 0.9996033517163907 -0.02611807331531276 11.556423270998485 0.712736013224569 0.010813525380412588 0.7013490166255273 -173.72397049391154
0.7058113900485048 -0.03127986388876831 -0.7077088750276469 123.56901205656747 0.012773089675150463 0.9994241950421312 -0.03143448018559676 12.63628381291227 0.7082846390102978 0.013147185230620239 0.7058045208572723 -174.63826778189645
0.7140478584037476 -0.03612576882345653 -0.6991642044154832 121.3021232759288 0.013362700167044697 0.9991891169582989 -0.03798087408605244 14.032688615917053 0.6999693522957039 0.017777440170313692 0.7139515869214969 -176.09832554182174
0.7097893131496322 -0.05381345495069995 -0.7023554961733 122.05449704496172 0.02366600738376285 0.9983365322315216 -0.052574599441666044 16.781630476691486 0.7040163712820072 0.020694938468353456 0.7098821511270065 -175.56215934517607
0.7131428494251845 -0.060368266396252895 -0.6984145965871845 121.00228014134673 0.02907375787570556 0.9979749854625277 -0.056574243203531785 17.43739702910906 0.7004155858607898 0.02003998012420567 0.7134538571483848 -176.34606809494406
0.7111957291022264 -0.054453297152053895 -0.7008819253883086 121.67193153560851 0.02648161472481965 0.9983630784463409 -0.05069405958010771 16.27932642868356 0.70249509534823 0.017492913548503426 0.7114735687200655 -176.284735115092
0.7149131896861252 -0.049209059171058826 -0.6974794618541178 120.79949532571516 0.024892709458220703 0.9986792954048038 -0.04494460975015262 15.09738231748202 0.6987699794844073 0.014769340718669043 0.7151939473639978 -177.0642933733236
0.7148531414332276 -0.06380965546577828 -0.6963571741946688 120.45098789354519 0.03459264107630795 0.9978356007193785 -0.05592372591631256 17.084699110414984 0.6984184529108688 0.015888417364098597 0.71551325831689 -177.2987952690474
0.7140115820573981 -0.061119103052616086 -0.6974610497582895 120.74253600657848 0.03256364422745682 0.9980033505329269 -0.0541195103422028 16.780336439491606 0.6993762004547474 0.015930083712770438 0.7145762119399057 -177.33842369294507
0.7168957076975877 -0.06018994583735655 -0.6945773640890341 119.9927064447795 0.033409980588064485 0.9980876577021384 -0.052007698850882994 16.287437435071926 0.6963794349935096 0.014078279822303152 0.717535702634625 -178.02047164070865
0.7180582985347075 -0.06006015421805804 -0.6933866582079179 119.67665703748231 0.03362460876288061 0.9980999064334326 -0.05163295907767029 16.202345932527162 0.6951702421644529 0.01376061963998165 0.7187134197690618 -178.40048441954607
0.7187631693598917 -0.06263578038932868 -0.6924278051802536 119.41815830809874 0.036371961896743875 0.9979573771251686 -0.052518128577050835 16.290077552872937 0.6943029502742338 0.012563138798629202 0.7195731934862645 -178.74981955336335
0.7203978668646146 -0.06260925623567887 -0.6907293206825145 118.96998462172586 0.036739168062059104 0.9979637294771716 -0.052140465841055306 16.200435932126126 0.6925872847136458 0.012185059771276732 0.7212311539106929 -179.20081025844124
0.7214486154929058 -0.06236706394846617 -0.689653713495271 118.68539637689292 0.037362793150255855 0.99799104175971 -0.0511654400487271 15.96406016452988 0.6914592662560685 0.011145846841609821 0.7223294630615609 -179.57843697828307
0.7236041192391223 -0.06103221732121275 -0.6875115614075376 118.12869478118104 0.036385835525235666 0.9980708585728195 -0.05030538977928062 15.813756509300443 0.6892555038541981 0.01138550466914447 0.7244288927770097 -180.1108093628165
0.7258067971820215 -0.0626019073415142 -0.6850441550451916 117.48051605398935 0.03783467768344992 0.9979759604937115 -0.051112810930759936 15.934810020731357 0.6868573580656798 0.011179600791558966 0.7267062585372276 -180.67497932348454
0.7281728830527892 -0.062319159789649824 -0.6825544481649073 116.83807872966584 0.040148581739170776 0.9980261011722905 -0.048290710940823225 15.240609537046739 0.6842165912713036 0.0077603931568647234 0.7292375693332925 -181.30741710226695
0.7309149287349587 -0.06177409287488341 -0.6796670717357547 116.0961400902476 0.041841835146061455 0.9980777483311428 -0.045717273735926565 14.63186961564653 0.6811847236865931 0.004976920304877591 0.7320946677037736 -182.001269109816
0.7342393122538279 -0.06316768396535062 -0.6759456161877814 115.136506187665 0.04242186707552131 0.997985082475315 -0.04718220374850551 14.930665731344705 0.6775640320551649 0.005968153750723269 0.7354395716889017 -182.74008707552758
0.7373299089561158 -0.06364595719597901 -0.6725279157710656 114.25898860252009 0.04376181469870045 0.9979608560026976 -0.046465400683085675 14.721856498057226 0.6741138694115724 0.004829287625592416 0.7386116496833683 -183.46669048920938
0.7402318319832357 -0.06575409439801665 -0.6691287125722819 113.38421327407151 0.04600755716468088 0.9978273393321462 -0.04715830324628889 14.78693145297403 0.6707757744600512 0.004123099711022812 0.7416487446536209 -184.1632854733304
0.7443045316896331 -0.06551436654475462 -0.6646191630418999 112.22883197405531 0.046443230347444006 0.9978450174547411 -0.04635026963936163 14.596066917805032 0.6662235289009014 0.0036316548551328896 0.7457432672319898 -185.04323849719427
0.7469299657948153 -0.06722535921458471 -0.6614955610404549 111.42686357390093 0.047300310050947245 0.9977274270611654 -0.047986060048633886 14.916740992040063 0.6632181442533371 0.0045532810562152574 0.7484122933014815 -185.6605925141418
0.7493367342111957 -0.06911464661143733 -0.6585724139268785 110.67719404413893 0.04998319419185997 0.9976044564412354 -0.04782288978058462 14.771730272539646 0.6603000371498389 0.002917895194016088 0.7509962362272917 -186.27823865100854
0.7513910623226566 -0.06992016511802028 -0.6561422421788573 110.05977232884527 0.05001550762773068 0.9975444921393856 -0.04902484267303366 15.027120868675409 0.6579589048400895 0.004019541297718927 0.7530431082145205 -186.77784634597856
0.7519709809566547 -0.07093659526861737 -0.6553683264018662 109.86423858258483 0.050211714074423486 0.9974685132462311 -0.05035224773594449 15.303798176877589 0.65728108718325 0.004956262104646718 0.7536292244181851 -187.01561312926535
0.7507958978281789 -0.07054008857604485 -0.6567568923947906 110.21996488298096 0.049763283218482855 0.9974961904812386 -0.05024903599805275 15.299991052524977 0.6586570696862639 0.005044390855225858 0.7524263543186163 -186.94232776102817
0.7490142629431008 -0.07128453565865053 -0.6587079389864176 110.71763090253222 0.05120991391641796 0.997449871313814 -0.049712160813315684 15.122889330937596 0.6605718572755551 0.0035027406393390165 0.7507546551194585 -186.8021718958381
0.7487950044461136 -0.07036668639733873 -0.6590558176376287 110.80845162581726 0.05056621552883629 0.9975153842302786 -0.049052177026210335 15.010411460418881 0.6608699563179097 0.003404066594234964 0.7504927136001961 -186.90362230111398
0.7487916328148541 -0.06809881063474546 -0.6592978405975541 110.8786933549882 0.04977219608116404 0.9976765360004318 -0.04652158651032006 14.501962853009056 0.660934050510127 0.0020202733260905603 0.7504412697686376 -187.04158668441588
0.7478346021885015 -0.06622813659073976 -0.6605734188515946 111.21344761030807 0.05000000763365634 0.9978043565855219 -0.04343345732942591 13.830301869407934 0.6619995521193351 -0.000547633701547711 0.7495040314041873 -187.03847163297775
0.7475974312065032 -0.06524664484144328 -0.6609394497156093 111.31478531783507 0.04976151621839853 0.9978682883851306 -0.04222168327975505 13.584479604639426 0.6622853405874872 -0.0013245271852432398 0.7492505410546274 -187.13964704664014
0.748628079015705 -0.0662143933731737 -0.6596754152001405 111.0038992353232 0.051771683715580226 0.997800418991736 -0.04140068387321498 13.32356766425188 0.660965726853147 -0.00315879251274433 0.750409441541984 -187.4876511685868
0.7487546956039444 -0.06659828540915368 -0.6594930433231312 110.972065200973 0.051619678783360795 0.9977767866398511 -0.04215320634252592 13.491058344431806 0.6608341808452005 -0.0024804078724728236 0.7505278362615466 -187.6384980395919
0.7480386598044233 -0.06714337155559344 -0.6602499004878001 111.17111975968434 0.05043336160290113 0.9977433275151903 -0.044325257318446706 14.001507143412843 0.6617360799257007 -0.000141615899603615 0.74973684748017 -187.62937198967973
0.7472230091976474 -0.06448650282297028 -0.6614372725204375 111.48760980312748 0.046250243879780537 0.9979138721220373 -0.04504241076433099 14.328691730333649 0.6629620573356164 0.0030650905475928143 0.7486467229296216 -187.5626986947236
0.7451242191753596 -0.06420856736285668 -0.6638276567570233 112.10840458851486 0.04675264314308884 0.9979349052410644 -0.044046739500702856 14.087328032136952 0.6652849677825629 0.0017845948328077156 0.7465873872922292 -187.35818965177472
0.7435546514077878 -0.062452418202205116 -0.6657523382088417 112.61610744839732 0.04621776857334516 0.9980478348032902 -0.04200520577934267 13.671244278542025 0.6670760063425636 0.00046357864607186883 0.7449895213067731 -187.2318536911038
0.7417044462184426 -0.06098457965756144 -0.6679486473553067 113.19162466307093 0.045845541371749975 0.9981383968373028 -0.04022346448765991 13.300328327627856 0.6691582031150216 -0.0007885448937251689 0.7431195579453053 -187.05946001189136
0.739844158486663 -0.0612950253361419 -0.669980254203214 113.71764578039756 0.04444476306994364 0.9981186079189671 -0.042236329877959645 13.806552157786534 0.671308635568483 0.0014711882765216996 0.7411764644241188 -186.84093402627033
0.7383510246703247 -0.0611447173297989 -0.6716391054062744 114.14817153214999 0.04398902506615142 0.9981272116439 -0.04250923487552845 13.887826328308975 0.6729804826605382 0.001841987685173803 0.7396579459718908 -186.71139942957964
0.7359373083434967 -0.06315651494918759 -0.6740975692046383 114.7803597471504 0.046116319113747334 0.9980034072594335 -0.04315650831520522 13.945079668295453 0.6754772855540947 0.0006735859517533749 0.7373804872536548 -186.4588540726756
0.7343438616122395 -0.06466228214506316 -0.675690670484813 115.18637127235837 0.048008223821335023 0.997907008812712 -0.04332219071084195 13.90100439681157 0.6770777675850422 -0.0006253241225212709 0.7359112076954646 -186.34409569072332
0.732837709539743 -0.062441760621263706 -0.6775322265450257 115.6714281924782 0.044208480850245535 0.9980456949970395 -0.04416334360971376 14.246071927381312 0.6789657588549343 0.002411893113919289 0.7341659765163122 -186.15700206055126
0.7307208042112566 -0.06160882984148806 -0.6798907694463994 116.2894754224823 0.04373113597041756 0.9980983433628359 -0.043442890363089876 14.108018410997264 0.6812743162923369 0.0020122280996861842 0.7320254482587908 -185.9215707865365
0.7295574780578301 -0.0604520533240026 -0.6812425672686716 116.64781371573508 0.043171781836885074 0.9981700043585536 -0.04234193727114295 13.89975472936011 0.682555553389559 0.0014804214794952864 0.7308322139104952 -185.84643463949658
0.7276234116476556 -0.061837963192138766 -0.6831838970075876 117.1528387943623 0.0431424475610434 0.9980821997655456 -0.04439202326558554 14.352946619710291 0.6846187990704529 0.0028264499672483318 0.7288958163825018 -185.63705286371368
0.7255531749104343 -0.06446787781249859 -0.6851397544353572 117.65891594547139 0.04776086742266203 0.9979189470303476 -0.04332060365319424 13.919215710650644 0.6865067296978404 -0.0012914674579706797 0.7271223020863693 -185.48875280989066
0.7243059809404053 -0.06480747382816066 -0.6864261339066057 118.0008562650688 0.049235119788723455 0.9978927006884848 -0.04226181363869641 13.638575563271894 0.6877185099685387 -0.0031857885451054523 0.7259704551825774 -185.42893612131851
0.7229435533397505 -0.0657790125760473 -0.6877686676412469 118.35552371776073 0.05022149191962868 0.9978273109892624 -0.04264339565870523 13.677922007902707 0.6890794006744523 -0.0037120006005414118 0.7246763419745945 -185.33396409544235
0.7218004108960335 -0.06647031703860103 -0.68890192609914 118.65767012922278 0.04832409916811592 0.9977883428857166 -0.04564213230082076 14.407843513883448 0.6904121582575926 -0.0003460551450173606 0.7234161540744921 -185.22766125819226
0.7206237212192856 -0.06634841623216885 -0.6901444342161661 118.99036230317397 0.0467780810069799 0.9977951616450801 -0.04708106344352202 14.78110851843953 0.6917465312911758 0.0016440988873519628 0.7221385139884694 -185.1204599165497
0.7202143449298763 -0.06657539961744854 -0.6905497907631326 119.10445485738542 0.04818682672078189 0.9977813789298959 -0.045938541458526966 14.47460498633127 0.6920760992028336 -0.00018980656598829165 0.7218245194544566 -185.20574631035
0.722012775189355 -0.06622208290368806 -0.6887032657097415 118.62996137213588 0.048729832975359336 0.9978042190343481 -0.04485692650470091 14.222229000726545 0.6901615432937128 -0.0011731211154961917 0.7236543843198139 -185.6632073419142
0.7210518867775904 -0.06273229690039782 -0.690035387136107 118.99775913744737 0.044595877842830985 0.998029838647521 -0.04413217475527745 14.243434708205791 0.691444418774137 0.0010488540429387204 0.7224289000664995 -185.55912516536856
0.7203453125866344 -0.061207830264888165 -0.6909097134566344 119.23663103683873 0.0429383371465897 0.9981234539299271 -0.04365627008894212 14.213564337844396 0.6922852951186742 0.0017810753093308943 0.7216217138731295 -185.5418592118223
0.7199904866654708 -0.060611460423636264 -0.6913320113928851 119.35273229011823 0.044082505170443535 0.9981612985924786 -0.041602340439863814 13.7175370468589 0.6925824368615741 -0.0005223576269998455 0.7213385441617501 -185.63934161239646
0.7183762671809133 -0.059122278574083795 -0.6931378614153361 119.83478630241058 0.043373101271669615 0.9982500406753259 -0.04019490487347792 13.445036187123803 0.694301312714656 -0.001188472935694903 0.7196834545095411 -185.48322115677928
0.7186868944277948 -0.0577345287292469 -0.6929328048015503 119.78749198277775 0.04277534154636787 0.9983304463385199 -0.038814817648976215 13.170625664175915 0.6940168715048095 -0.0017447366401450934 0.7199566222771572 -185.66306467789258
0.7184426567635662 -0.05741224391643243 -0.6932127979134465 119.86494885247363 0.042447017377426635 0.9983492311990394 -0.03869190199573221 13.161746954018948 0.694289852769194 -0.0016269028142372188 0.7196936525556996 -185.74443753214322
0.7190027769799197 -0.055697593948735344 -0.692771812881764 119.75676816898411 0.041560036525122176 0.9984455005207916 -0.03713954568672727 12.863632727034664 0.6937634827945288 -0.0020881853624117146 0.7201998815764258 -185.96287474432634
0.719015513892059 -0.055638415183217216 -0.6927633488706215 119.75707638897414 0.042133142347001926 0.9984465557458233 -0.0364592050828017 12.69423389789784 0.6937157120164612 -0.002973562712045019 0.7202427846402156 -186.10403947927608
0.7190199593324608 -0.054125004435170536 -0.6928786199446764 119.79408143949084 0.04093353462897132 0.9985301857997637 -0.035523425925268595 12.543577439944356 0.6937829226957992 -0.0028199187190429617 0.720178661329321 -186.2198159695608
0.7191966338137012 -0.0536604745410193 -0.6927313731765538 119.75900617154083 0.04124562528069256 0.9985522377062882 -0.0345286398076915 12.316275610114682 0.6935812860121341 -0.0037392571183622377 0.7203686678708043 -186.38572754069125
0.7193130015241354 -0.05164380655794965 -0.692763829225043 119.77568524208873 0.04076669306455292 0.9986523469692219 -0.03211801098208934 11.813169269454887 0.6934889202971594 -0.005138787509729853 0.7204489643881863 -186.53337401193482
0.7194317424899563 -0.04952823959851987 -0.6927950067517352 119.79258685163671 0.038047157398382304 0.9987668869130762 -0.031892309729230704 11.882530015967463 0.6935202821199737 -0.003414540706166763 0.7204290105208132 -186.64271737490552
0.7196197729648409 -0.04720767118977069 -0.692761732588391 119.79414402386719 0.03587170877037618 0.9988814950151979 -0.030805509671107727 11.741417473666498 0.6934411315085975 -0.0026822932430832294 0.7205082944942647 -186.7775039759348
0.7195643958983524 -0.04704333256923164 -0.6928304302036826 119.8141323453838 0.036739764846012615 0.9988844060820141 -0.029667034992421404 11.45783577751781 0.6934531489830434 -0.004107084971428065 0.7204900152108553 -186.9095048267909
0.7195802614273585 -0.04648348506217802 -0.6928517395378382 119.82317279732794 0.036524382407580824 0.9989094644968007 -0.029083521596592575 11.342595150068673 0.6934480635591096 -0.004378053812933285 0.7204933141889187 -187.03360655871813
0.7189749547075738 -0.04870405412847405 -0.6933274331906195 119.9407532126241 0.037564485847339804 0.9988067438510158 -0.03120893847532399 11.762552979020947 0.6940201177964996 -0.003606043424893946 0.7199465761739203 -187.05960003482434
0.7186151833283446 -0.049392019959621 -0.6936516753056091 120.02417525523418 0.03734426037052513 0.9987760880204062 -0.03243042115101748 12.041020885816991 0.6944045107193272 -0.002598915728209779 0.7195801700503492 -187.11296989259284
0.7190359488291925 -0.04688314401781208 -0.6933896993021368 119.96435604544926 0.035498594144004504 0.9988972030851672 -0.03072828472969676 11.750934732144316 0.6940656698793722 -0.0025196181526487803 0.7199072839048531 -187.2900698277855
0.7188096633156961 -0.047771513009566495 -0.6935636599972294 120.0081346566132 0.03707948367122555 0.9988507274760068 -0.030369987015590856 11.605996445619665 0.6942173865689701 -0.003886742264243773 0.7197548981562545 -187.39749737948057
0.718606555249538 -0.04737729477835818 -0.6938011319476763 120.0727354566965 0.03664877955529048 0.9988702539067971 -0.030250335820915943 11.600989037986709 0.6944504919067306 -0.0036888751205512854 0.719531032333453 -187.47797365060802
0.7184839373034646 -0.04760374267270502 -0.6939126137493553 120.10182555545818 0.037156845333378596 0.9988575008617615 -0.030050986956629853 11.535774421931933 0.6945503586362781 -0.004192452235510806 0.7194318749280368 -187.5873681028722
0.7180980508364788 -0.048115010367411615 -0.6942766992793248 120.19804802102038 0.03754205789682019 0.9988328001876405 -0.03039130069919463 11.59471710381989 0.6949286173944211 -0.0042406422462806445 0.7190662234312062 -187.6486332066151
0.7177241640844347 -0.050449282268591016 -0.694497584018752 120.2469893007079 0.03868636826488885 0.9987205174773148 -0.03256828027879169 12.023189534997519 0.6952520328627403 -0.0034925475556616785 0.7187575480729219 -187.7102391383693
0.7180496940552353 -0.05043032874046545 -0.6941623864848279 120.15890998875054 0.03947416372874371 0.9987168841045061 -0.03172342671438336 11.804278593081202 0.6948715185306555 -0.00462248285179092 0.7191190481326339 -187.900945471633
0.717937601097776 -0.050133120068432235 -0.694299842432774 120.19758959628759 0.03965956967206269 0.9987289862103457 -0.031105154503426435 11.662679998735134 0.6949767762043544 -0.005204072968299091 0.7190133504749012 -188.00624724640593
0.7180089778428842 -0.049745503719725234 -0.6942539107536142 120.18759263815727 0.03907020591282592 0.9987506120557577 -0.03115660328371552 11.701480652552087 0.6949364192118196 -0.004753922372131554 0.7190554731556764 -188.1313348855259
0.7181267698519805 -0.048715051030239466 -0.6942051470747546 120.17933710381394 0.037061775950458335 0.9988084283691052 -0.03175134929787582 11.92306922860971 0.6949247205168043 -0.002926981714814019 0.7190765366723368 -188.24231062074458
0.7176230438433078 -0.04897121192596645 -0.6947078431596757 120.31318856129266 0.036973005772369165 0.9987968901184077 -0.0322144243151105 12.030928657253614 0.6954496126889588 -0.0025676238625833483 0.7185702773692201 -188.2759613212227
0.7177375797817171 -0.04896083347492483 -0.6945902413326319 120.28252217939992 0.03729613443428108 0.998796088407669 -0.03186490448439863 11.941191096797974 0.6953141483713265 -0.0030348915928737168 0.7186995370164616 -188.42092964226444
0.7178071803476457 -0.04793808400273085 -0.6945896572390848 120.28653404894438 0.035953691818117306 0.9988479733726683 -0.031781411767908 11.98519064426854 0.6953130114459316 -0.0021601369078362714 0.7187037984611805 -188.53604468225814
